,negative,positive,total
aa,1,1,2
aaa,1,0,1
aaaaaaaaa,0,1,1
aaaah,1,0,1
aaaahh,1,0,1
aalayah,1,0,1
aand,1,0,1
aaron,3,3,6
aarp,1,0,1
aasertions,1,0,1
ab,4,1,5
ababzhah,1,0,1
aback,1,0,1
abandon,3,0,3
abbott,1,2,3
abc,0,3,3
abducted,0,1,1
abetting,1,0,1
abhorrent,0,3,3
abhorres,0,1,1
abi,1,0,1
abide,0,1,1
abiding,11,11,22
ability,7,3,10
abject,1,1,2
able,38,16,54
abnormal,0,1,1
aboard,3,0,3
aboilish,0,1,1
abolish,2,2,4
abolition,1,0,1
abominable,1,0,1
abomination,0,1,1
aborting,1,2,3
abortion,22,15,37
abortions,3,3,6
abortive,0,1,1
aborts,1,0,1
abound,1,0,1
about,642,372,1014
above,12,14,26
abraham,1,0,1
abramoff,0,1,1
abroad,0,1,1
abs,0,1,1
absence,0,1,1
absent,1,0,1
absentee,2,0,2
abso,0,2,2
absolute,8,6,14
absolutely,43,27,70
absolutist,1,0,1
abstinence,0,1,1
absurd,4,1,5
abt,6,1,7
abundance,0,1,1
abundantly,1,0,1
abuse,17,20,37
abused,7,7,14
abuser,5,4,9
abusers,2,3,5
abuses,1,0,1
abusing,1,1,2
abusive,1,6,7
abusuve,0,1,1
abysmal,4,1,5
abyss,0,1,1
ac,1,0,1
aca,4,1,5
academia,1,0,1
academic,2,0,2
academy,1,0,1
acc,0,2,2
accent,1,0,1
accept,15,11,26
acceptable,4,5,9
acceptance,1,0,1
accepted,3,0,3
accepting,6,1,7
accepts,0,1,1
access,7,10,17
accessories,0,1,1
accessory,0,1,1
accident,2,5,7
accidental,0,1,1
accidentally,2,0,2
accidents,2,0,2
accommodate,1,0,1
accommodating,1,0,1
accompanied,1,0,1
accompanies,1,0,1
accomplish,3,0,3
accomplished,8,1,9
accomplishment,1,1,2
accomplishments,2,3,5
accord,1,0,1
according,13,8,21
accordingly,3,2,5
account,39,6,45
accountability,2,2,4
accountable,10,9,19
accounts,15,5,20
acct,0,2,2
accuracy,2,0,2
accurate,2,2,4
accurately,0,1,1
accusation,11,9,20
accusations,15,10,25
accuse,9,6,15
accused,18,7,25
accuser,34,6,40
accusers,7,3,10
accuses,3,2,5
accusing,10,6,16
ace,1,0,1
acedemia,1,0,1
aces,1,0,1
aches,2,0,2
achichincle,0,1,1
achieve,8,0,8
achieved,1,0,1
achievement,1,0,1
achievements,4,0,4
achieving,2,0,2
achtung,1,0,1
ack,0,1,1
acknowledge,5,3,8
acknowledged,2,0,2
acknowledges,0,1,1
acknowledging,0,1,1
aclu,1,1,2
acorn,0,1,1
acorns,0,1,1
acosta,0,1,1
acquainted,1,0,1
acquiring,1,1,2
acrimony,1,0,1
across,18,3,21
act,32,24,56
acta,0,1,1
actaully,1,0,1
acted,1,4,5
acting,11,13,24
action,20,4,24
actions,26,12,38
activates,1,0,1
active,11,7,18
actively,4,2,6
activism,2,0,2
activist,14,8,22
activists,14,6,20
activities,3,1,4
activity,3,0,3
actor,6,6,12
actors,10,1,11
actress,7,1,8
acts,13,2,15
actual,19,11,30
actuality,0,1,1
actually,104,45,149
actualy,1,0,1
actully,0,1,1
acussed,0,1,1
ad,8,4,12
adam,2,2,4
adams,2,0,2
add,17,4,21
added,4,4,8
addict,2,2,4
addicted,1,3,4
addiction,2,3,5
addicts,0,1,1
adding,3,1,4
addition,4,0,4
additional,1,0,1
address,14,6,20
addressed,0,1,1
addresses,4,0,4
addressing,1,2,3
adds,3,1,4
adearfriendnjust,1,0,1
adelaide,1,0,1
adequately,1,0,1
adherance,1,0,1
adhere,2,1,3
adhered,1,0,1
adicionei,1,0,1
adjust,1,0,1
adjustment,1,0,1
adm,1,0,1
admendment,0,1,1
admin,2,2,4
administer,0,1,1
administration,15,12,27
administrative,1,0,1
admins,1,1,2
adminstrator,0,1,1
admirable,0,1,1
admiration,0,1,1
admire,5,1,6
admired,1,0,1
admissible,2,0,2
admission,1,0,1
admit,14,12,26
admits,1,1,2
admitted,7,2,9
admitting,5,2,7
admonish,1,0,1
admonished,1,0,1
admonishment,1,0,1
adolf,1,0,1
adopt,6,0,6
adopted,2,0,2
adopting,2,0,2
adoption,1,0,1
adoptive,1,0,1
adorable,20,1,21
adorably,1,0,1
adore,2,0,2
adrift,1,0,1
ads,3,1,4
adult,7,4,11
adulterers,0,1,1
adulting,0,1,1
adults,11,4,15
advance,5,1,6
advanced,1,0,1
advancements,1,0,1
advances,1,0,1
advantage,3,5,8
advantages,2,0,2
adventures,0,1,1
adversaries,0,1,1
advertise,0,1,1
advertisement,0,1,1
advertisers,1,0,1
advertises,1,0,1
advertising,1,0,1
advice,8,1,9
advise,3,0,3
advised,2,0,2
advisement,1,0,1
adviser,2,0,2
advising,1,0,1
advisors,0,1,1
advisory,2,0,2
advocacy,2,0,2
advocate,8,4,12
advocated,1,0,1
advocates,7,3,10
advocating,5,4,9
ae,1,0,1
aesir,1,0,1
af,3,4,7
afd,2,0,2
afe,0,1,1
affair,3,1,4
affairs,1,1,2
affect,3,1,4
affected,3,2,5
affecting,1,0,1
affection,0,1,1
affectionate,1,0,1
affects,3,4,7
affiliate,1,0,1
affiliated,2,0,2
affiliation,1,0,1
affirm,1,0,1
affirmative,1,0,1
affluent,1,1,2
afford,5,2,7
affordable,15,2,17
afforded,1,1,2
afloat,1,0,1
afp,1,0,1
afraid,10,11,21
africa,4,2,6
african,6,3,9
africans,0,1,1
afte,1,0,1
after,127,71,198
aftermath,0,1,1
afterward,2,0,2
afterwards,3,0,3
ag,6,4,10
again,126,78,204
against,153,83,236
againstbthe,1,0,1
againtske,0,1,1
age,14,7,21
aged,4,0,4
agencies,3,3,6
agency,3,2,5
agenda,36,23,59
agendas,3,1,4
agent,4,3,7
agents,5,3,8
ages,3,0,3
aggers,1,0,1
aggie,1,0,1
aggrandizing,0,1,1
aggravate,0,1,1
aggression,1,1,2
aggressive,6,2,8
agholor,0,1,1
aging,2,0,2
agitated,0,1,1
ago,67,22,89
agree,60,25,85
agreeable,1,0,1
agreed,15,4,19
agreeds,0,1,1
agreeing,0,2,2
agreement,4,0,4
agrees,5,1,6
agressive,1,0,1
aguearo,1,0,1
agw,1,0,1
ah,6,3,9
aha,1,0,1
ahah,1,0,1
ahahaha,1,0,1
ahahahahahaha,1,0,1
ahead,11,6,17
ahh,3,1,4
ahha,1,0,1
ahhh,5,0,5
ahhhhhhh,1,0,1
ahhooo,0,1,1
ahole,1,1,2
ai,1,0,1
aid,3,3,6
aide,2,0,2
aides,0,1,1
aiding,1,1,2
aight,2,0,2
aikido,0,1,1
aim,5,1,6
aimed,2,1,3
aiming,3,1,4
aims,5,0,5
ain,15,20,35
ainge,1,0,1
aint,7,3,10
air,15,5,20
aired,1,0,1
airforce,0,1,1
airplane,2,0,2
airport,2,0,2
airtime,2,0,2
airwaves,1,0,1
airy,1,0,1
aisa,1,0,1
aishwarya,0,1,1
aisle,3,0,3
aj,3,0,3
ajsjjsjdkkdjdk,0,1,1
ajsvsnsksjsj,1,0,1
ak,1,0,1
aka,13,4,17
akal,1,0,1
akb,1,0,1
akimoto,1,0,1
akin,3,0,3
akkad,1,0,1
al,7,6,13
ala,1,0,1
alabama,1,0,1
alamo,0,2,2
alan,3,1,4
alana,0,1,1
alanna,3,0,3
alarm,2,0,2
alaska,2,0,2
alaye,0,1,1
albans,1,0,1
albeit,0,1,1
albert,0,1,1
alberta,1,0,1
album,2,5,7
albums,1,0,1
alcantara,1,0,1
alcatraz,1,0,1
alcohol,4,2,6
alcoholic,0,1,1
alderaan,1,0,1
alec,1,1,2
alejandro,1,0,1
alert,4,3,7
alerts,1,0,1
alex,15,5,20
alexander,1,0,1
alexis,1,0,1
algae,0,1,1
algorithm,1,0,1
ali,1,0,1
alia,0,2,2
alias,1,0,1
alien,3,0,3
alienate,2,0,2
alienated,0,1,1
alienating,1,0,1
aliens,8,2,10
align,4,1,5
aligned,4,1,5
aligns,1,0,1
alihan,1,0,1
alike,2,1,3
alina,1,0,1
alinsky,4,3,7
alinskyite,1,0,1
alive,18,6,24
all,750,515,1265
allaying,1,0,1
allegation,13,3,16
allegations,20,9,29
allege,1,0,1
alleged,4,6,10
allegedly,5,2,7
allergic,1,0,1
allergies,1,0,1
allergy,1,0,1
alleslev,6,0,6
alleslve,0,1,1
alleyway,0,1,1
alliance,0,1,1
allies,4,2,6
alligators,0,1,1
allison,1,0,1
alll,0,1,1
allocated,1,0,1
allow,23,15,38
allowance,0,1,1
allowed,23,14,37
allowing,9,0,9
allows,7,1,8
allready,0,1,1
allsup,0,2,2
allude,1,0,1
allusion,1,0,1
ally,2,1,3
almighty,1,0,1
almost,31,20,51
alone,31,11,42
along,19,15,34
alongside,2,0,2
alooot,1,0,1
alos,1,0,1
alot,3,3,6
aloud,1,0,1
alp,1,0,1
alpha,1,0,1
alphabet,0,1,1
already,81,46,127
alright,3,3,6
alrighty,1,0,1
als,2,0,2
also,176,83,259
alt,23,12,35
altar,1,0,1
alterando,0,1,1
altered,1,0,1
alternate,1,0,1
alternative,8,5,13
alternatives,2,0,2
altho,0,1,1
although,3,4,7
aluminum,1,0,1
alumn,0,1,1
alumni,0,1,1
always,146,51,197
alyssa,0,2,2
alzheimers,0,1,1
am,152,58,210
ama,1,0,1
amai,0,2,2
amara,1,0,1
amassed,1,0,1
amateur,1,0,1
amature,2,0,2
amazed,2,0,2
amazes,2,0,2
amazing,76,17,93
amazingly,2,2,4
amazon,2,2,4
ambassador,1,0,1
ambiguity,1,0,1
ambition,0,1,1
ambitious,6,1,7
ambrose,0,1,1
ambulance,1,1,2
ambulances,1,0,1
ambush,3,1,4
amd,1,1,2
ameican,0,1,1
amen,7,0,7
amenadiel,0,1,1
amendment,27,10,37
amendments,2,0,2
amends,1,0,1
america,114,73,187
american,79,50,129
americans,53,52,105
americas,2,0,2
amid,1,1,2
amidst,1,0,1
amir,2,0,2
amiright,0,1,1
amirite,1,0,1
amish,1,0,1
ammo,0,4,4
ammunition,3,0,3
amnesia,1,2,3
amnesty,1,0,1
amo,0,1,1
among,9,4,13
amongst,2,2,4
amorality,0,1,1
amorphous,1,0,1
amount,14,5,19
amounting,0,1,1
amounts,1,0,1
amp,398,279,677
ample,1,0,1
amputees,1,0,1
amrinder,0,1,1
amused,1,0,1
amusing,0,1,1
amy,6,1,7
an,438,268,706
anal,1,0,1
analog,0,1,1
analogy,2,0,2
analysis,5,1,6
analytica,1,0,1
analyzing,1,0,1
anarchist,4,1,5
anarchists,3,3,6
anarchy,2,0,2
anatomy,1,1,2
anc,0,1,1
ancaps,0,1,1
ancestors,0,3,3
anchor,1,0,1
ancient,1,5,6
ancom,1,0,1
and,3280,1894,5174
anderson,2,2,4
andover,1,0,1
andre,1,0,1
andrea,1,1,2
andreas,0,1,1
andrew,4,1,5
andrewboff,1,0,1
andrews,1,0,1
andriese,1,0,1
android,4,0,4
andy,7,1,8
anfield,1,0,1
ang,2,0,2
angeela,1,0,1
angel,12,0,12
angela,3,1,4
angelina,1,1,2
angels,2,0,2
anger,8,4,12
angie,2,0,2
angles,1,0,1
angling,2,0,2
anglo,2,0,2
anglophones,1,0,1
angry,10,8,18
angst,1,0,1
angy,1,0,1
animal,5,6,11
animals,4,8,12
animate,1,0,1
animated,0,1,1
animation,1,0,1
anime,4,3,7
animic,1,0,1
animosity,1,0,1
animus,1,0,1
anit,1,0,1
anita,2,4,6
anjali,1,0,1
ann,3,0,3
anna,3,0,3
anne,0,1,1
annette,0,1,1
annie,1,0,1
annnnnnnnnnnnnd,1,0,1
annointed,1,0,1
announce,6,0,6
announced,6,3,9
announcement,4,0,4
announcements,2,1,3
announces,3,0,3
announcing,1,0,1
annoy,1,0,1
annoyance,0,1,1
annoying,1,4,5
annual,3,1,4
annually,1,0,1
annum,1,0,1
anon,2,0,2
anons,2,0,2
anonymity,0,1,1
anonymous,14,5,19
anonymously,1,0,1
another,127,90,217
anqueefa,1,0,1
ans,1,0,1
answer,47,13,60
answered,5,1,6
answering,3,1,4
answers,6,2,8
ant,1,1,2
antagonist,1,0,1
anthem,6,0,6
anthony,6,0,6
anti,73,48,121
antiamerican,3,0,3
antibiotics,1,0,1
antichrist,0,1,1
antics,1,1,2
antidepressant,0,1,1
antideutsch,2,0,2
antifa,807,313,1120
antifascism,1,0,1
antifascist,3,0,3
antifascists,1,0,1
antifastock,1,0,1
antinatalist,1,0,1
antinationalist,1,0,1
antipo,1,0,1
antiquated,1,0,1
antisemite,3,0,3
antisemitic,1,0,1
antisemitism,5,0,5
antle,1,0,1
antonio,4,1,5
anumanu,0,1,1
anxiety,4,2,6
anxietys,1,0,1
anxious,1,0,1
any,208,120,328
anybody,9,6,15
anyday,1,0,1
anymore,24,13,37
anyone,84,70,154
anyother,1,0,1
anything,104,66,170
anytime,5,0,5
anyway,18,11,29
anyways,6,5,11
anywhere,9,4,13
ao,0,1,1
ap,4,0,4
aparachnik,1,0,1
apart,7,7,14
apartaments,0,1,1
apartheid,0,1,1
apartment,2,3,5
apartments,1,0,1
apathetic,1,0,1
apiece,0,1,1
apists,0,1,1
apne,1,0,1
apocalypse,0,1,1
apologetic,1,0,1
apologies,2,0,2
apologise,1,0,1
apologist,1,0,1
apologists,1,0,1
apologize,10,4,14
apologized,1,2,3
apologizing,1,2,3
apology,1,5,6
apon,0,1,1
app,3,2,5
appalled,3,0,3
appalling,1,1,2
apparantly,0,1,1
apparent,2,2,4
apparentl,0,1,1
apparently,23,10,33
appeal,4,1,5
appealed,0,1,1
appeals,1,0,1
appear,6,3,9
appearance,2,0,2
appeared,2,1,3
appearing,1,1,2
appears,5,4,9
appease,2,2,4
appeaser,1,0,1
appeasing,2,0,2
applaud,0,1,1
applauded,0,2,2
applauding,1,0,1
apple,2,5,7
applebee,1,0,1
apples,4,1,5
application,2,1,3
applications,1,0,1
applied,1,0,1
applies,4,1,5
apply,10,6,16
applying,1,0,1
appoint,1,1,2
appointed,4,3,7
appointee,1,0,1
appointees,2,1,3
appointment,7,1,8
appointments,2,0,2
appraisers,1,0,1
appreciate,15,4,19
appreciated,5,0,5
appreciates,1,0,1
appreciation,2,1,3
approach,5,1,6
approaches,1,0,1
approaching,1,1,2
appropiated,1,0,1
appropo,1,0,1
appropriate,4,0,4
appropriating,1,0,1
approval,3,0,3
approve,5,3,8
approved,5,3,8
approves,0,1,1
appt,0,1,1
april,1,0,1
apt,1,0,1
ar,4,10,14
arachnophobia,1,0,1
aran,1,0,1
arbiter,0,1,1
arbitrary,3,0,3
arbys,1,0,1
arc,2,0,2
arcane,0,1,1
archbishop,0,1,1
archetype,1,0,1
archetypes,1,0,1
archie,1,0,1
architect,1,0,1
architects,1,0,1
archived,1,0,1
are,2373,1281,3654
area,3,6,9
areas,9,1,10
aren,19,14,33
arenado,1,0,1
arent,3,1,4
argentborn,1,0,1
argento,1,0,1
arguable,1,0,1
arguably,1,0,1
argue,9,6,15
argued,0,1,1
arguement,1,0,1
arguing,12,7,19
argument,21,19,40
arguments,5,2,7
ari,1,0,1
ariana,3,1,4
arianna,1,0,1
aries,1,0,1
arizona,2,2,4
arkansas,1,1,2
arlene,1,0,1
arm,11,9,20
armageddon,1,1,2
armament,2,0,2
armbands,0,1,1
armchair,1,0,1
armed,20,7,27
arming,0,2,2
armor,0,2,2
armrest,1,0,1
arms,13,7,20
army,14,4,18
arnie,2,0,2
arnold,1,1,2
around,63,35,98
arquette,1,0,1
arrange,1,0,1
arranged,1,0,1
arrest,5,7,12
arrested,6,9,15
arresting,1,0,1
arrests,1,2,3
arrive,1,1,2
arrived,2,1,3
arrogance,2,3,5
arrogant,0,2,2
arrogantly,0,1,1
arron,1,0,1
arsehole,0,1,1
arsenal,1,0,1
art,6,4,10
arthur,1,0,1
article,21,10,31
articles,7,1,8
articulate,1,0,1
artificial,1,0,1
artist,3,3,6
artists,3,1,4
arts,2,0,2
artsy,1,0,1
as,683,387,1070
asa,0,1,1
asap,3,3,6
asb,0,1,1
asbestos,1,0,1
ascend,0,1,1
ascended,0,1,1
asdfghjkl,1,0,1
asf,2,1,3
asfuck,1,0,1
ash,1,0,1
ashame,0,2,2
ashamed,2,6,8
ashes,1,0,1
ashley,1,0,1
ashole,0,1,1
ashwariya,3,0,3
asia,2,1,3
asian,3,2,5
asians,3,0,3
aside,4,3,7
asinine,0,2,2
ask,61,20,81
asked,20,11,31
asking,37,12,49
asks,4,1,5
asl,1,0,1
asleep,4,0,4
asma,1,0,1
asmr,2,0,2
aspect,4,1,5
aspects,1,2,3
aspersions,1,0,1
asphalt,1,0,1
aspire,1,0,1
ass,27,156,183
assad,0,1,1
assange,0,1,1
assassin,1,0,1
assassinate,2,1,3
assassinating,0,1,1
assassination,3,3,6
assassinations,1,0,1
assassins,0,1,1
assault,36,29,65
assaulted,10,6,16
assaulting,3,2,5
assaults,2,1,3
assed,0,1,1
assembly,2,1,3
assert,1,0,1
asserting,1,0,1
assertions,1,0,1
asses,0,7,7
assess,1,0,1
assessment,1,0,1
assessments,1,0,1
asset,5,1,6
asshats,0,1,1
asshole,1,19,20
assholes,1,8,9
assign,1,0,1
assignment,1,0,1
assignments,1,0,1
assist,3,0,3
assistant,2,0,2
assisted,1,0,1
assisting,1,0,1
associate,0,1,1
associated,7,2,9
associates,3,0,3
association,4,0,4
associations,10,1,11
assualted,0,1,1
assulting,1,1,2
assume,15,8,23
assumed,1,2,3
assumes,2,0,2
assuming,6,2,8
assumption,1,1,2
assumptions,1,0,1
assurances,0,1,1
assure,3,0,3
astonishing,1,1,2
astounded,1,0,1
astronauts,1,0,1
astronomically,1,0,1
asu,1,0,1
asylum,1,0,1
at,498,277,775
ata,1,0,1
ate,8,4,12
atempted,1,0,1
atf,1,0,1
atheism,1,0,1
atheist,1,1,2
atheists,0,2,2
athens,0,1,1
athlete,4,1,5
athletes,0,1,1
athwart,1,0,1
atlanta,2,1,3
atlantic,1,1,2
atleast,3,0,3
atm,1,0,1
atmos,1,0,1
atmosphere,1,1,2
atone,2,0,2
atp,0,1,1
atrocious,1,0,1
atrocities,1,0,1
atsushi,2,0,2
att,1,0,1
attached,0,1,1
attack,39,24,63
attacked,14,7,21
attacker,1,0,1
attackers,1,0,1
attacking,12,14,26
attacks,16,10,26
attempt,14,10,24
attempted,4,5,9
attempting,4,4,8
attempts,5,3,8
attend,3,2,5
attended,3,0,3
attendees,1,0,1
attending,3,0,3
attention,28,18,46
attentive,1,0,1
attest,0,1,1
attested,0,1,1
attire,1,0,1
attitude,4,3,7
attitudes,1,0,1
attkisson,1,0,1
attlee,1,0,1
attn,1,0,1
attorney,7,3,10
attorneys,2,3,5
attract,1,0,1
attracted,2,0,2
attractive,2,0,2
attribute,1,0,1
atty,1,0,1
au,1,0,1
aubree,1,0,1
auburn,3,0,3
audible,2,0,2
audience,6,2,8
audiences,1,0,1
audio,2,0,2
audioslave,1,0,1
audrey,1,0,1
august,4,1,5
aum,1,0,1
aunt,5,0,5
auntie,1,0,1
aunty,1,0,1
aur,2,0,2
aura,1,0,1
aurora,1,0,1
aus,1,0,1
ause,0,1,1
aust,1,1,2
austerity,8,0,8
austin,5,0,5
australia,7,1,8
australian,4,4,8
australias,1,0,1
austria,1,0,1
authentic,1,0,1
author,4,1,5
authoritarian,3,6,9
authoritarianism,4,2,6
authoritarians,1,0,1
authoritative,1,0,1
authorities,2,0,2
authority,3,2,5
authorization,1,0,1
authorize,1,0,1
authorized,0,1,1
authors,1,0,1
autism,1,0,1
auto,1,1,2
autocratic,1,0,1
automatic,2,5,7
automatically,4,0,4
autos,1,0,1
autumn,1,1,2
available,12,0,12
avanetti,1,0,1
avatar,2,0,2
ave,1,0,1
avenatti,2,0,2
avengers,0,2,2
avenue,1,1,2
average,14,5,19
averages,1,0,1
avery,0,1,1
avg,1,0,1
avi,5,0,5
avocado,1,0,1
avoid,5,1,6
avoided,0,1,1
avoiding,0,1,1
avoids,1,0,1
avowed,1,0,1
avram,0,1,1
aw,6,0,6
awaits,1,0,1
awake,6,1,7
awaken,0,1,1
awakened,1,0,1
awakening,1,1,2
awakens,1,0,1
award,7,2,9
awarded,1,0,1
awards,2,2,4
aware,18,7,25
awareness,1,1,2
away,102,75,177
awb,2,0,2
awe,5,1,6
aweeee,1,0,1
awesome,51,12,63
awesomee,1,0,1
awesomeness,1,0,1
awful,10,11,21
awfully,1,1,2
awh,1,1,2
awhile,2,1,3
awkward,2,1,3
awone,1,0,1
aww,4,1,5
awwh,1,0,1
awww,2,0,2
awwwww,1,0,1
axe,0,1,1
axes,1,0,1
axis,1,0,1
ay,1,0,1
aye,1,1,2
ayers,1,0,1
ayumi,1,0,1
az,2,1,3
azeez,1,0,1
azz,0,1,1
ba,1,0,1
baaaaa,0,4,4
baaaaaaaa,1,0,1
baba,0,1,1
babble,2,0,2
babe,7,0,7
babes,1,0,1
babie,0,1,1
babies,11,13,24
baby,41,15,56
babygirl,0,1,1
babylonian,0,1,1
babysit,0,1,1
babysitting,1,0,1
bache,1,0,1
bachelor,2,1,3
back,221,98,319
backbenchers,1,0,1
backbone,1,1,2
backed,8,1,9
backers,0,1,1
backfield,1,0,1
backfire,2,1,3
backfires,1,1,2
background,7,8,15
backgrounds,1,0,1
backing,4,3,7
backlash,1,0,1
backlinks,1,0,1
backon,1,0,1
backpacks,1,0,1
backs,3,0,3
backside,0,1,1
backsides,0,1,1
backstabber,0,1,1
backstabbing,0,1,1
backtraced,1,0,1
backup,0,1,1
backward,1,0,1
backwards,1,1,2
backwood,0,1,1
backwoodsistan,0,1,1
bacon,2,0,2
bad,85,78,163
badass,2,3,5
badasses,1,0,1
bader,1,0,1
badge,2,0,2
badger,1,0,1
badges,1,0,1
badhai,1,0,1
badly,10,1,11
bae,0,1,1
baekhyun,1,0,1
baer,1,0,1
baff,1,0,1
bafoonicus,0,1,1
bag,7,5,12
bagel,1,0,1
baggers,1,0,1
bagging,1,0,1
bags,6,4,10
bah,0,1,1
bahut,1,0,1
bail,1,0,1
bailed,0,2,2
bailey,1,0,1
bailout,1,0,1
bait,2,2,4
baiter,0,3,3
baiters,1,0,1
baiting,1,0,1
baja,1,0,1
bake,2,1,3
baker,2,0,2
bakersfield,1,1,2
bakery,2,0,2
baking,1,0,1
bakkt,0,1,1
bal,1,0,1
balaam,0,1,1
balance,4,4,8
balanced,2,1,3
balances,1,0,1
bald,5,2,7
baldwin,1,1,2
bale,2,2,4
ball,10,4,14
ballerinas,1,0,1
ballgame,0,1,1
ballin,1,0,1
ballistic,2,1,3
balloon,1,0,1
ballot,4,2,6
ballots,1,0,1
ballroom,0,1,1
balls,5,7,12
baltimore,2,0,2
bam,2,0,2
bama,3,1,4
bamn,1,0,1
ban,23,10,33
bananas,0,1,1
banbury,1,0,1
band,4,4,8
bandana,1,0,1
bandit,1,0,1
bandwagon,1,3,4
bandwagonists,1,0,1
bang,2,0,2
bangers,0,1,1
banging,0,1,1
bangladesh,1,0,1
bangle,0,1,1
bangs,1,0,1
banished,1,0,1
banishing,0,1,1
bank,11,4,15
banked,1,0,1
banking,3,0,3
bankroll,0,1,1
bankrupt,2,4,6
bankrupted,0,2,2
banks,7,3,10
banned,20,3,23
banner,1,0,1
banners,1,0,1
banning,9,5,14
bano,2,0,2
banquet,1,0,1
bans,0,2,2
banter,0,1,1
baptist,0,2,2
bar,5,3,8
barack,2,2,4
barak,1,0,1
barbara,1,0,1
barbaric,0,1,1
barbarically,1,0,1
barbeque,0,1,1
barber,2,0,2
barbie,2,1,3
barbolack,1,0,1
barbz,1,0,1
bare,2,1,3
barely,2,2,4
barf,0,1,1
barfi,1,0,1
bargain,3,1,4
bargained,0,1,1
bariatric,1,0,1
bark,0,1,1
barking,2,0,2
barkley,1,0,1
barn,0,1,1
barnes,1,0,1
barometer,0,1,1
baron,1,1,2
barons,1,0,1
barrack,2,0,2
barracks,1,0,1
barred,2,0,2
barrel,2,2,4
barrelling,1,0,1
barret,1,0,1
barrett,3,1,4
barriers,1,0,1
barry,5,2,7
bars,1,2,3
bart,1,0,1
barun,1,0,1
barzal,1,0,1
base,14,8,22
baseball,5,1,6
based,29,6,35
baseless,0,1,1
baselessly,0,1,1
basement,5,3,8
bash,2,5,7
bashed,2,0,2
bashing,5,4,9
basic,8,5,13
basically,23,5,28
basing,1,0,1
basis,7,3,10
basket,0,2,2
basking,2,0,2
bastard,0,5,5
bastards,0,6,6
bat,2,3,5
batch,2,0,2
bath,1,2,3
bathing,1,0,1
bathroom,1,3,4
bathrooms,0,1,1
batman,2,2,4
baton,1,0,1
bats,0,1,1
batshit,1,2,3
batsht,1,0,1
batt,0,1,1
batter,1,0,1
battering,0,1,1
battery,1,0,1
batting,0,1,1
battle,7,5,12
battled,1,0,1
battlefield,0,1,1
battleground,1,0,1
battling,3,0,3
bauble,0,1,1
bay,1,0,1
baz,1,0,1
bb,4,4,8
bbc,5,2,7
bbcan,1,0,1
bc,27,13,40
bcashhhhhhhhhhconnectttt,1,0,1
bcos,0,1,1
bcoz,1,0,1
bcs,2,0,2
bcuz,2,0,2
bcz,1,0,1
bday,2,0,2
be,934,510,1444
bea,1,0,1
beach,4,1,5
beacon,3,0,3
beagle,1,0,1
beams,1,1,2
bean,1,1,2
beanie,0,1,1
beano,0,1,1
beans,1,0,1
bear,4,2,6
beard,1,0,1
bearded,0,1,1
bearing,1,0,1
bears,2,1,3
beast,2,5,7
beasts,0,2,2
beat,24,23,47
beatdown,0,1,1
beaten,2,1,3
beater,0,1,1
beatiful,1,0,1
beatin,0,1,1
beating,13,9,22
beatles,0,1,1
beats,1,1,2
beau,1,0,1
beauden,1,0,1
beautiful,88,10,98
beautifull,1,0,1
beauty,10,2,12
beaware,1,0,1
bec,0,1,1
became,4,3,7
becareful,1,0,1
becaus,1,0,1
because,368,227,595
becca,1,0,1
becka,0,1,1
become,40,26,66
becomes,5,4,9
becoming,12,8,20
becos,1,0,1
becoz,1,1,2
bed,5,5,10
bedfellow,1,0,1
bedroom,0,1,1
bedtime,1,0,1
bee,1,1,2
beeching,1,1,2
beef,2,3,5
beefing,1,0,1
been,214,137,351
beena,1,0,1
beer,3,4,7
beetle,0,1,1
before,109,41,150
beforehand,0,1,1
beg,0,1,1
began,4,1,5
begged,1,1,2
begging,5,1,6
begin,6,4,10
beginning,12,3,15
begins,4,2,6
begone,1,1,2
begun,1,0,1
behalf,4,3,7
behar,1,2,3
behave,2,2,4
behaved,1,2,3
behaves,1,2,3
behaving,1,0,1
behavior,17,11,28
behaviors,1,0,1
behaviour,3,4,7
behind,46,16,62
behinder,1,0,1
behold,1,1,2
beholden,1,0,1
beign,0,1,1
beijing,1,0,1
being,220,126,346
beings,5,14,19
bekhit,1,0,1
belang,0,1,1
belated,1,0,1
belch,1,0,1
belichick,1,0,1
beliees,1,0,1
belief,5,1,6
beliefs,9,6,15
believable,2,0,2
believe,144,109,253
believed,10,5,15
believer,1,0,1
believers,0,1,1
believes,14,14,28
believing,8,3,11
belifs,1,0,1
belittles,0,1,1
belive,1,0,1
beliw,1,0,1
bell,6,2,8
bella,1,0,1
bells,1,0,1
belly,1,3,4
beloeve,1,0,1
belong,5,7,12
belonging,0,1,1
belongs,5,6,11
beloved,4,1,5
below,4,3,7
belt,1,1,2
ben,5,6,11
bench,3,1,4
benchers,1,0,1
bend,2,0,2
bending,0,1,1
beneath,1,0,1
benedict,1,0,1
benefit,8,4,12
benefiting,1,0,1
benefits,6,4,10
benfica,0,1,1
bengals,0,2,2
bengazi,0,1,1
benghazi,2,0,2
benidorm,1,0,1
benifit,1,0,1
benign,0,2,2
benioff,1,0,1
benny,1,1,2
bens,1,0,1
bent,0,3,3
bentley,0,1,1
benz,1,0,1
berated,0,1,1
berating,3,1,4
beretta,1,0,1
berger,1,0,1
bergeron,1,0,1
bergh,0,1,1
bergoglio,0,1,1
bergun,1,0,1
berkeley,7,3,10
berlin,1,2,3
bernice,1,0,1
bernie,6,10,16
berniecrats,1,0,1
bernier,10,0,10
berserk,0,2,2
bert,3,2,5
beryl,1,0,1
beside,1,1,2
besides,8,5,13
best,134,26,160
bestdj,1,0,1
bestfriend,0,1,1
besth,1,0,1
bestie,0,1,1
besudes,0,1,1
bet,37,22,59
beta,2,3,5
betas,1,0,1
betcha,1,0,1
betfair,1,0,1
bethesda,0,1,1
beto,13,17,30
betray,2,1,3
betrayal,6,2,8
betrayed,1,1,2
bets,1,0,1
betsy,2,0,2
better,183,84,267
betting,2,0,2
betty,0,1,1
between,44,7,51
beverly,1,1,2
beware,2,2,4
bewise,0,1,1
bey,1,0,1
beyond,15,8,23
bezos,2,2,4
bf,1,1,2
bfa,0,1,1
bff,1,0,1
bh,1,0,1
bhabi,1,0,1
bhadbhabie,0,1,1
bhadtranny,0,1,1
bhagwad,0,2,2
bhagwat,0,1,1
bhai,2,0,2
bhaiya,1,0,1
bhajpaa,0,1,1
bhakt,0,2,2
bho,1,0,1
bhuvan,2,0,2
bi,3,1,4
bias,12,7,19
biase,0,1,1
biased,12,6,18
biases,1,0,1
biassed,0,1,1
bib,1,0,1
bibi,0,1,1
bible,10,8,18
biblical,2,0,2
bick,1,0,1
bickering,1,0,1
bickle,1,0,1
bidding,3,1,4
biddy,1,0,1
bided,1,0,1
biden,10,6,16
bieber,1,0,1
big,105,61,166
bigboss,1,0,1
bigger,10,6,16
biggest,22,12,34
biglly,0,1,1
bigly,0,2,2
bigot,2,6,8
bigoted,2,3,5
bigotry,2,3,5
bigots,2,7,9
bigwig,0,1,1
bike,2,1,3
bikes,1,0,1
bikini,1,1,2
bil,1,1,2
bilion,1,0,1
bill,42,26,68
billayers,1,0,1
billboard,1,0,1
billion,15,3,18
billionaire,7,0,7
billionaires,5,2,7
billions,2,3,5
bills,9,3,12
billy,5,4,9
bimbo,1,0,1
bimbos,0,1,1
bin,4,0,4
binary,2,0,2
binding,1,0,1
bing,0,1,1
bingbing,0,1,1
binged,1,0,1
bingo,0,1,1
binoculars,1,0,1
bins,1,0,1
bio,3,2,5
biochem,0,1,1
biogenic,2,0,2
biologists,1,0,1
bionic,1,0,1
biopic,1,0,1
bipartisan,1,1,2
bipolar,0,1,1
bippy,1,0,1
birch,0,1,1
bird,3,2,5
birdbrain,1,0,1
birdemic,1,0,1
birdlandia,1,0,1
birds,2,0,2
birdsize,1,0,1
birmingham,1,0,1
birnbaum,0,1,1
birth,10,2,12
birthday,21,2,23
births,2,0,2
bisca,0,1,1
biscuit,1,0,1
biscuits,1,0,1
bishop,1,0,1
bit,20,20,40
bitc,0,2,2
bitch,2,98,100
bitchass,0,1,1
bitchc,0,1,1
bitches,1,14,15
bitchhh,1,1,2
bitchhhhhh,1,1,2
bitching,2,1,3
bitchy,0,1,1
bite,9,1,10
biter,2,1,3
bites,2,0,2
biting,0,1,1
bits,2,0,2
bitte,1,0,1
bitten,0,1,1
bitter,14,9,23
bitterly,1,0,1
bitterness,0,1,1
bitxh,0,1,1
biz,1,0,1
bizarre,3,2,5
bizarro,1,0,1
bizpac,1,0,1
bizzniss,1,0,1
bj,1,0,1
bjp,2,1,3
bk,2,0,2
bla,3,0,3
blabber,0,1,1
black,69,72,141
blackburn,1,0,1
blackhawk,0,1,1
blacklist,1,0,1
blackmail,0,1,1
blackout,0,1,1
blacks,2,8,10
blackwood,1,0,1
bladder,1,0,1
blade,1,0,1
blades,0,1,1
blah,10,0,10
blair,1,2,3
blairite,1,0,1
blake,2,1,3
blame,28,31,59
blamed,1,1,2
blames,8,6,14
blaming,5,9,14
blanche,0,1,1
bland,0,1,1
blane,1,0,1
blanket,3,2,5
blas,1,1,2
blasey,6,2,8
blasphemy,2,0,2
blast,3,1,4
blasted,1,0,1
blasting,2,0,2
blatant,7,7,14
blatantly,3,2,5
blather,2,0,2
blathering,0,1,1
bleachbit,1,0,1
bleed,1,0,1
bleeding,1,0,1
bleeds,1,0,1
blemishes,1,0,1
blender,1,0,1
bless,27,7,34
blessed,8,0,8
blessing,4,1,5
blessings,3,1,4
blew,1,4,5
bliar,0,1,1
blight,0,2,2
blind,7,12,19
blinded,2,0,2
blinding,0,1,1
blindly,2,3,5
blinking,1,0,1
blisters,0,1,1
blk,2,0,2
blm,28,11,39
bloated,0,1,1
blobs,0,1,1
bloc,1,0,1
block,14,19,33
blockchainful,0,1,1
blocked,17,6,23
blocker,1,0,1
blockers,0,1,1
blocking,7,3,10
blocklists,2,0,2
blocks,1,0,1
blocktogether,2,0,2
blog,6,1,7
blogger,0,1,1
bloggers,2,0,2
blond,0,2,2
blonde,6,0,6
blondes,2,0,2
blood,9,4,13
blooded,1,0,1
bloodflies,0,1,1
bloodless,1,0,1
bloodline,0,1,1
bloods,1,0,1
bloodshed,1,0,1
bloodsport,0,1,1
bloodsuckers,0,1,1
bloody,4,8,12
bloomberg,3,2,5
blooming,0,1,1
blossoms,0,1,1
blossomwood,1,0,1
blot,0,1,1
blow,8,7,15
blowing,1,3,4
blown,3,2,5
blows,2,0,2
bludgeon,1,0,1
blue,25,10,35
blues,0,1,1
bluff,1,0,1
bluffing,1,1,2
blumenthal,0,1,1
bluntly,0,1,1
bluntness,0,1,1
blurted,0,1,1
blushed,1,0,1
blvd,0,1,1
bn,16,0,16
bnf,0,1,1
bnp,1,0,1
bo,3,3,6
board,11,5,16
boarder,1,2,3
boarders,2,0,2
boards,1,0,1
boasted,1,0,1
boastfully,1,0,1
boat,1,1,2
boatload,0,1,1
boats,1,0,1
bob,12,0,12
bobby,3,1,4
bobcat,1,0,1
boc,0,1,1
bodied,0,1,1
bodies,0,2,2
body,14,15,29
bodyguard,1,0,1
bodyguards,2,1,3
bodyshaming,2,0,2
boeing,1,0,1
boggles,1,0,1
boggling,1,0,1
bohot,2,0,2
boi,4,2,6
boii,0,1,1
boils,1,0,1
boise,1,0,1
bojan,1,0,1
bola,2,0,2
bolaji,1,0,1
bold,1,0,1
bolna,0,1,1
bolshevik,1,0,1
bolsheviks,0,1,1
bolt,0,1,1
boltey,1,0,1
bomb,5,6,11
bombed,0,1,1
bomber,0,1,1
bombs,3,0,3
bombshell,1,1,2
bona,1,0,1
bondage,1,0,1
bondi,1,0,1
bone,3,4,7
boneheads,1,0,1
bonepurs,1,0,1
boner,1,1,2
bones,3,0,3
bonet,1,0,1
bonkers,2,0,2
bonnie,2,0,2
bono,9,11,20
bonus,2,1,3
boo,5,5,10
boob,1,0,1
boobies,0,1,1
boobs,1,6,7
boochi,1,0,1
booger,0,1,1
book,41,18,59
bookclub,1,0,1
booked,1,0,1
booker,6,2,8
booking,2,0,2
books,12,4,16
boom,2,0,2
boomer,1,0,1
boomerangs,1,0,1
booming,3,2,5
boon,1,0,1
boondoggles,1,0,1
booo,0,1,1
booom,1,0,1
booooring,1,0,1
boop,0,1,1
boopboopboop,0,1,1
boost,4,0,4
boosting,1,0,1
boosts,1,0,1
boot,3,1,4
booted,1,0,1
booter,0,1,1
booth,2,0,2
bootlickers,1,0,1
boots,3,2,5
booty,7,2,9
bor,1,0,1
border,17,7,24
bordering,0,1,1
borderline,1,0,1
borders,17,8,25
bore,1,0,1
bored,1,1,2
boring,2,10,12
boris,2,2,4
bork,0,1,1
born,13,8,21
borrow,0,1,1
borrowed,2,0,2
borrower,0,1,1
borrowers,1,2,3
boruto,0,1,1
boss,4,5,9
bosses,3,0,3
boston,3,1,4
bot,7,2,9
both,95,48,143
bother,4,1,5
bothered,2,2,4
bothering,1,1,2
bothers,1,2,3
botox,1,0,1
bots,1,3,4
botswana,1,0,1
bottle,2,0,2
bottles,1,1,2
bottom,6,10,16
bought,16,5,21
bounce,3,0,3
bouncer,1,0,1
boundaries,1,0,1
bounds,0,1,1
bout,5,5,10
bouta,1,0,1
bovine,0,1,1
bow,4,1,5
bowed,2,1,3
bowel,1,0,1
bowl,3,1,4
bowls,3,0,3
bowman,1,0,1
box,3,6,9
boxer,1,0,1
boxers,0,1,1
boxes,2,0,2
boxing,0,1,1
boy,32,22,54
boycott,12,3,15
boycotted,0,1,1
boycotting,4,3,7
boycotts,0,1,1
boyfriend,2,2,4
boyfriends,2,0,2
boyhood,1,0,1
boypussy,0,1,1
boys,18,16,34
bozoobama,1,0,1
bp,1,0,1
brac,0,1,1
bracelets,0,1,1
brad,1,0,1
bradley,1,0,1
brady,3,0,3
brag,1,0,1
bragged,1,0,1
brah,0,1,1
brain,8,18,26
brainchild,0,1,1
braindead,0,2,2
brained,1,0,1
brainer,0,1,1
brainless,0,3,3
brains,3,7,10
brainwash,2,0,2
brainwashed,3,8,11
brainwashing,0,4,4
brainy,0,1,1
brakes,1,0,1
branch,2,0,2
branches,0,1,1
brand,3,2,5
branded,2,1,3
brandin,0,1,1
brandon,4,1,5
brass,1,0,1
brat,3,10,13
brats,1,1,2
braun,2,0,2
brave,12,3,15
bravery,4,2,6
bravest,1,1,2
bravo,3,0,3
bravos,1,0,1
bray,4,0,4
brazen,0,1,1
brazil,4,0,4
brazilian,1,0,1
brazilians,1,0,1
bread,2,1,3
break,27,13,40
breakdown,0,1,1
breaked,1,0,1
breaker,0,1,1
breakers,2,1,3
breakfast,1,1,2
breaking,17,4,21
breaks,3,2,5
breakthrough,1,0,1
breast,1,0,1
breastfeed,1,0,1
breastfeeding,1,0,1
breasts,1,0,1
breatge,0,1,1
breath,7,3,10
breathe,4,0,4
breathing,2,1,3
breaths,1,0,1
breathtaking,1,1,2
breathtakingly,1,0,1
breed,0,2,2
breeding,0,1,1
breez,1,0,1
breibart,1,0,1
breitbart,6,3,9
breitbarters,0,1,1
brenda,2,0,2
brennan,5,3,8
brent,2,0,2
bret,0,2,2
bretheren,0,1,1
brett,12,6,18
brewery,0,1,1
brexit,34,1,35
brexiteer,1,0,1
brexiteers,2,0,2
brexiters,1,0,1
brexitshambles,0,1,1
brexity,1,0,1
bri,1,0,1
brian,5,2,7
bribe,1,2,3
bribery,1,1,2
bribes,1,3,4
bribing,1,0,1
brick,1,2,3
bricks,2,0,2
bridge,3,1,4
bridgeport,1,0,1
bridges,1,0,1
bridget,1,1,2
brie,1,0,1
brief,2,0,2
briefings,1,0,1
briefs,2,0,2
bright,7,3,10
brighten,2,0,2
brighter,0,2,2
brightest,1,0,1
brightside,1,0,1
brigitte,1,0,1
brill,1,0,1
brilliance,1,0,1
brilliancy,1,0,1
brilliant,14,2,16
brilliantly,1,0,1
brilliantness,1,0,1
brimming,1,0,1
bring,39,21,60
bringing,9,5,14
brings,5,0,5
brink,0,1,1
brioche,0,1,1
brisket,1,0,1
brit,2,0,2
britain,12,2,14
britches,0,1,1
britian,1,0,1
british,13,3,16
britishcouncil,1,0,1
britons,0,1,1
brits,2,0,2
brittany,0,1,1
bro,11,8,19
broad,3,1,4
broadcast,1,2,3
broadcaster,1,0,1
broadcasting,0,1,1
broadside,1,0,1
brock,0,1,1
brocken,1,0,1
broderick,3,1,4
broin,1,0,1
broke,14,6,20
brokeback,1,0,1
broken,16,5,21
broker,1,0,1
bron,1,0,1
bronbron,0,1,1
bronx,1,0,1
brook,1,0,1
brooke,0,2,2
brookee,0,1,1
brooklyn,0,1,1
brooks,1,0,1
broom,0,1,1
bros,6,0,6
brothel,0,1,1
brother,23,8,31
brotherhood,1,2,3
brotherr,1,0,1
brothers,2,0,2
brought,11,11,22
broward,1,0,1
brown,16,12,28
brownie,1,0,1
brownies,1,0,1
browns,2,3,5
brownshirt,0,1,1
brownshirts,0,1,1
bruce,0,2,2
bruh,2,4,6
bruin,1,0,1
brunette,1,0,1
brunswick,1,0,1
brushed,0,1,1
brushing,2,0,2
brussels,2,0,2
brutal,2,2,4
brutalist,0,1,1
brutality,3,4,7
brutally,0,1,1
bs,25,24,49
bsc,1,0,1
bt,0,1,1
bta,0,1,1
bts,3,0,3
btw,11,4,15
btwn,0,1,1
bubba,1,0,1
bubble,1,3,4
bubbler,0,1,1
bubbles,0,1,1
buck,3,2,5
bucket,0,2,2
buckle,0,1,1
bucks,1,0,1
buckwheat,1,0,1
bucky,0,1,1
bud,1,1,2
buddhist,1,1,2
buddies,4,2,6
buddy,7,4,11
budge,1,0,1
budget,7,5,12
budgets,2,0,2
budging,0,1,1
buehler,1,0,1
buff,0,2,2
buffoon,1,0,1
buffoons,0,1,1
bug,2,3,5
buggers,0,1,1
bugging,1,1,2
bugle,1,0,1
bugs,0,1,1
buh,3,0,3
buhari,1,0,1
buhbye,1,0,1
build,10,7,17
builder,1,0,1
builders,1,1,2
building,12,7,19
buildings,1,0,1
built,5,2,7
bulb,1,0,1
bulgaria,1,0,1
bulkhead,1,0,1
bull,7,6,13
bullcrap,1,0,1
buller,1,0,1
bullet,4,4,8
bulletproof,0,1,1
bullets,2,1,3
bullie,0,1,1
bullied,1,1,2
bullies,1,10,11
bulls,2,0,2
bullsh,2,2,4
bullshit,13,42,55
bullshitting,0,1,1
bully,6,11,17
bullying,6,7,13
bulshit,0,1,1
bum,1,3,4
bummer,2,1,3
bump,4,0,4
bumper,1,0,1
bun,1,0,1
bunch,11,15,26
buncha,0,1,1
bunga,1,0,1
bunk,0,1,1
bunker,2,0,2
bunny,4,2,6
burden,4,1,5
burdening,0,1,1
bureau,1,0,1
bureaucracy,3,0,3
bureaucratic,1,1,2
burger,1,1,2
burgers,2,0,2
buried,1,2,3
burka,0,1,1
burn,10,9,19
burned,2,2,4
burnered,1,0,1
burnett,0,2,2
burning,3,4,7
burnley,1,0,1
burnol,2,0,2
burns,1,1,2
burnt,1,0,1
burrard,1,0,1
burst,1,0,1
burt,4,0,4
bury,1,3,4
burying,0,1,1
bus,7,1,8
bush,6,1,7
bushi,1,0,1
bushie,0,1,1
bushii,1,0,1
bushmaster,0,1,1
business,35,21,56
businesses,7,2,9
businessmen,1,0,1
busing,0,1,1
busted,1,4,5
busting,1,0,1
busy,16,13,29
but,685,407,1092
butch,0,1,1
butchering,0,1,1
butchers,0,1,1
butt,5,19,24
butter,2,0,2
buttercup,1,0,1
buttering,1,0,1
butthead,2,0,2
butthurt,1,0,1
buttmunch,0,1,1
button,2,0,2
butts,1,1,2
buxom,0,1,1
buy,26,15,41
buying,15,4,19
buyout,0,1,1
buys,8,0,8
buzz,1,0,1
buzzfeed,2,0,2
buzzwords,0,1,1
bvs,0,2,2
bwaaaaa,0,1,1
bwaaaaaaa,0,1,1
bwahahaha,1,0,1
bwahahahahaha,0,1,1
by,479,276,755
bye,8,6,14
bypass,0,1,1
byrd,2,0,2
bystanders,0,1,1
bytches,1,0,1
ca,13,5,18
cab,1,0,1
cabbage,1,0,1
cabinet,2,2,4
cabinets,1,0,1
cable,2,1,3
cackle,0,1,1
cadaver,0,1,1
cadwell,1,0,1
caed,0,1,1
cafeteria,1,0,1
cage,4,2,6
caged,0,2,2
cages,2,0,2
caging,1,0,1
cahoots,0,1,1
cake,3,1,4
cakefriend,1,0,1
cal,2,0,2
calculated,1,0,1
calculating,1,0,1
calculations,0,1,1
calculative,1,0,1
cale,1,0,1
calendar,1,0,1
cali,6,4,10
caliber,3,0,3
calif,1,1,2
california,41,15,56
californian,1,0,1
californians,2,0,2
call,93,61,154
called,62,41,103
caller,1,0,1
callers,1,0,1
calling,42,29,71
callous,1,0,1
calls,23,12,35
calm,6,2,8
calves,1,1,2
cam,1,2,3
cambridge,2,0,2
came,27,6,33
camera,7,1,8
cameraman,1,0,1
cameramen,1,0,1
cameras,1,0,1
cameron,3,1,4
cameto,0,1,1
camila,1,0,1
camillekruger,1,0,1
camp,4,2,6
campaign,29,7,36
campaigne,1,0,1
campaigned,1,0,1
campaigner,1,0,1
campaigning,3,1,4
campaigns,0,1,1
campaing,0,1,1
campers,1,0,1
campigne,1,0,1
camps,0,2,2
campus,2,3,5
campuses,2,3,5
cams,1,0,1
can,570,314,884
canada,37,18,55
canadian,13,5,18
canadians,13,5,18
canadien,1,0,1
cancel,2,4,6
cancelled,2,0,2
cancer,11,6,17
candace,2,2,4
candiace,0,1,1
candice,1,0,1
candidate,12,2,14
candidates,10,2,12
candlelight,1,0,1
candy,3,2,5
cane,1,0,1
canelo,1,1,2
cannabis,2,1,3
cannibals,1,0,1
cannon,2,0,2
cannot,37,17,54
canny,0,1,1
canola,1,0,1
canon,1,0,1
canons,1,0,1
cant,17,15,32
canteen,1,0,1
cap,6,0,6
capabilities,2,0,2
capability,0,1,1
capable,3,2,5
capablities,1,0,1
capacity,3,3,6
caper,0,1,1
capital,4,5,9
capitalism,4,1,5
capitalist,3,2,5
capitalists,2,0,2
capitalize,0,1,1
capitol,1,1,2
capitulate,1,0,1
capitulating,1,0,1
capitulation,1,0,1
capone,1,0,1
capped,1,1,2
capricorn,2,0,2
caps,2,0,2
capt,1,0,1
captain,2,2,4
caption,0,1,1
capture,1,2,3
captured,1,1,2
car,15,8,23
carb,2,0,2
carbine,1,0,1
carbon,2,0,2
card,12,6,18
cardboard,1,0,1
cardi,2,4,6
cardigan,1,0,1
cardinal,2,1,3
cards,2,2,4
care,104,75,179
cared,4,3,7
careeeema,1,0,1
career,22,10,32
careers,1,0,1
careful,13,5,18
carefully,4,0,4
cares,24,18,42
carey,1,0,1
caribbean,2,0,2
caribbros,1,0,1
caricature,1,0,1
caring,8,2,10
carl,1,1,2
carla,1,0,1
carlos,1,0,1
carlson,3,0,3
carmen,0,1,1
carnage,0,1,1
carnages,1,0,1
carnival,1,0,1
carol,2,1,3
carole,1,2,3
carolina,4,0,4
carpet,2,0,2
carreen,1,0,1
carrey,2,5,7
carrful,1,0,1
carrie,1,0,1
carried,0,2,2
carrot,1,0,1
carruing,1,0,1
carry,22,9,31
carrying,5,1,6
carryons,1,0,1
cars,9,3,12
carson,0,1,1
cart,1,2,3
carte,0,1,1
cartel,0,3,3
cartels,0,2,2
carter,4,3,7
cartoon,2,3,5
cartoons,0,2,2
casa,0,1,1
case,51,23,74
cases,4,2,6
casey,2,2,4
cash,7,5,12
cashier,1,1,2
cashing,0,3,3
casket,0,1,1
cast,7,1,8
casters,1,0,1
casting,1,2,3
casual,2,0,2
casually,0,1,1
cat,12,2,14
catalog,1,0,1
catalonia,0,1,1
catastrophe,1,0,1
catastrophes,1,0,1
catch,8,3,11
catcher,3,0,3
catches,1,1,2
catching,1,2,3
catchy,1,0,1
catechism,1,0,1
categorize,1,0,1
categorized,0,1,1
categorizes,1,0,1
category,2,0,2
cater,3,2,5
catering,1,0,1
catfight,1,0,1
catherine,2,0,2
catholic,5,7,12
catholics,1,3,4
cats,5,1,6
cattle,1,0,1
catty,0,1,1
caucasian,0,1,1
caught,10,1,11
causality,0,1,1
causation,1,0,1
cause,52,40,92
caused,12,3,15
causes,7,1,8
causing,8,3,11
caution,1,0,1
cautious,1,0,1
cavaliers,0,1,1
cavanagh,0,1,1
cavanaugh,1,0,1
cave,1,0,1
caved,1,0,1
cavill,2,0,2
cavity,1,0,1
cayde,0,1,1
caymans,0,1,1
cbb,1,0,1
cbc,8,4,12
cbs,3,3,6
cc,1,0,1
cchqpress,1,0,1
ccp,1,0,1
cda,2,0,2
cdc,0,1,1
cdns,1,0,1
ce,1,0,1
cea,1,0,1
cealrly,0,1,1
cear,0,1,1
cease,1,0,1
cecil,1,0,1
ceiling,1,1,2
cel,1,0,1
celeb,2,0,2
celebrate,3,2,5
celebrated,2,0,2
celebrates,1,1,2
celebrating,0,1,1
celebration,1,1,2
celebrities,1,2,3
celebrity,2,4,6
celebs,4,0,4
celibacy,1,0,1
cell,6,3,9
cellar,0,1,1
cells,0,3,3
cem,1,0,1
censor,0,2,2
censored,8,1,9
censoring,7,2,9
censors,1,0,1
censorship,6,3,9
center,7,0,7
centers,3,0,3
central,3,2,5
centralist,1,0,1
centralize,1,0,1
centralized,1,0,1
centrefold,1,0,1
centres,2,0,2
centrism,0,1,1
centrist,2,3,5
centrists,2,1,3
cents,1,0,1
centuries,1,2,3
century,7,3,10
ceo,4,2,6
cephalic,1,0,1
cerberus,1,0,1
cerebral,1,0,1
ceremonies,1,0,1
certain,9,7,16
certainly,15,6,21
certainty,2,0,2
certifiable,1,0,1
certificate,1,0,1
certificates,2,0,2
certified,1,0,1
cess,1,0,1
cf,2,0,2
cfb,1,0,1
cfo,1,1,2
cfr,1,0,1
cgi,2,0,2
ch,1,1,2
chad,2,0,2
chaid,1,0,1
chain,1,0,1
chained,0,1,1
chains,2,1,3
chair,5,3,8
chairman,2,0,2
chairperson,1,0,1
chairs,0,1,1
chalenge,2,0,2
challenge,7,2,9
challenged,1,1,2
challenger,0,1,1
challengers,0,1,1
challenges,4,0,4
challenging,1,0,1
chamber,2,2,4
chambers,1,0,1
chameleon,1,0,1
champ,3,1,4
champagne,1,1,2
champion,8,1,9
championing,1,0,1
champions,2,0,2
championship,3,1,4
championships,1,0,1
chan,2,1,3
chance,23,12,35
chancellor,1,0,1
chances,5,1,6
chandigarh,0,1,1
change,70,32,102
changed,18,5,23
changer,1,0,1
changes,6,4,10
changing,8,4,12
channel,5,3,8
channeling,1,0,1
chant,1,2,3
chanting,1,0,1
chanvong,1,0,1
chaos,5,3,8
chap,1,0,1
chaplain,0,1,1
chapman,1,0,1
chapters,1,0,1
char,0,2,2
chara,1,0,1
character,25,19,44
characteristics,1,0,1
characterization,1,0,1
characterizations,1,0,1
characterize,1,0,1
characterizing,0,1,1
characters,6,0,6
charade,1,2,3
charge,15,11,26
charged,5,5,10
chargers,1,0,1
charges,7,4,11
charismatic,1,0,1
charity,3,1,4
charles,1,0,1
charlie,2,1,3
charlo,1,0,1
charlotte,1,0,1
charlottesville,5,0,5
charm,1,0,1
charming,2,0,2
charms,0,1,1
chars,1,0,1
chart,1,0,1
charted,1,0,1
charter,1,1,2
charters,1,0,1
charts,2,2,4
chase,1,0,1
chaser,1,1,2
chasing,2,2,4
chaste,1,0,1
chastise,1,0,1
chat,2,1,3
chats,0,1,1
chatting,1,0,1
chauffeur,0,1,1
chaulk,1,0,1
chauvinistic,1,0,1
cheap,5,7,12
cheapen,0,1,1
cheaper,4,0,4
cheat,5,1,6
cheated,1,0,1
cheater,1,2,3
cheaters,1,0,1
cheating,5,4,9
cheats,1,0,1
check,35,10,45
checked,7,3,10
checker,1,0,1
checking,5,0,5
checkmarks,0,1,1
checks,10,6,16
cheek,2,0,2
cheeks,1,1,2
cheeky,1,0,1
cheepika,0,1,1
cheer,5,1,6
cheered,1,0,1
cheerleader,0,4,4
cheers,4,0,4
cheery,0,1,1
cheese,3,2,5
cheeseburger,2,0,2
cheesy,1,1,2
cheeto,1,0,1
cheez,1,0,1
chef,1,0,1
chelsea,8,1,9
chemical,0,2,2
chemicals,2,0,2
chemistry,2,0,2
cheney,2,0,2
chequers,5,2,7
cher,0,3,3
cherish,2,0,2
cherry,7,1,8
cherrypicks,0,1,1
ches,1,0,1
chess,2,2,4
chest,8,1,9
chester,1,0,1
chewing,1,1,2
chi,1,0,1
chic,1,0,1
chicago,46,28,74
chicagojordan,1,0,1
chicanery,0,1,1
chick,3,0,3
chicken,5,6,11
chickens,1,2,3
chickenshit,0,1,1
chicks,0,1,1
chickschumer,0,1,1
chico,1,0,1
chief,4,2,6
chihuahua,1,0,1
child,37,30,67
childess,1,0,1
childhood,3,1,4
childish,2,2,4
children,47,26,73
chill,3,2,5
chills,1,0,1
chimed,1,0,1
chiming,2,0,2
chin,1,1,2
china,20,8,28
chinaly,1,0,1
chinese,7,5,12
chinless,0,1,1
chip,0,2,2
chips,3,1,4
chiraq,1,0,1
chiselchest,0,1,1
chishti,1,0,1
chittlerings,0,1,1
chivalry,1,0,1
chl,1,0,1
chloe,0,1,1
chlorine,0,1,1
chocker,0,1,1
chocolate,1,0,1
choice,25,7,32
choices,4,1,5
choir,1,0,1
chokes,1,1,2
choking,0,1,1
choose,10,5,15
choosen,1,0,1
chooses,1,0,1
choosing,2,1,3
chop,1,1,2
chos,0,1,1
chose,6,3,9
chosen,1,4,5
chouchou,1,0,1
chowing,0,1,1
chris,10,9,19
christ,4,8,12
christi,0,2,2
christian,25,8,33
christianity,3,0,3
christians,6,6,12
christie,1,0,1
christina,1,0,1
christine,10,3,13
christmas,2,2,4
christopher,1,0,1
chrome,1,0,1
chronicle,1,0,1
chronicles,0,1,1
chu,1,0,1
chubby,2,0,2
chuck,7,3,10
chuckle,1,0,1
chuckles,1,0,1
chucky,1,0,1
chuds,0,1,1
chuka,1,0,1
chum,1,0,1
chump,1,0,1
chumps,1,0,1
chunk,1,0,1
chunky,0,1,1
church,16,10,26
churches,0,2,2
churchill,2,0,2
cia,4,6,10
ciara,0,1,1
cider,0,1,1
cigar,1,0,1
cigarette,1,0,1
cigarettes,1,0,1
cillizza,2,0,2
cincinatti,1,0,1
cincinnati,3,1,4
cincy,0,1,1
cindy,1,0,1
cinnamon,0,1,1
circle,4,0,4
circles,2,1,3
circuit,1,0,1
circuitry,1,0,1
circular,1,0,1
circulated,1,0,1
circulation,1,3,4
circumstance,0,1,1
circumstances,1,2,3
circumvent,1,0,1
circus,2,3,5
cite,1,1,2
cited,3,0,3
cities,16,9,25
citing,0,1,1
citizen,11,6,17
citizenry,2,1,3
citizens,31,28,59
citizenship,4,1,5
citizenshop,1,0,1
cits,2,0,2
city,17,5,22
civic,1,0,1
civically,1,0,1
civics,2,0,2
civil,18,9,27
civilian,2,0,2
civilians,6,0,6
civilised,1,0,1
civility,1,1,2
civilization,0,2,2
civilized,1,1,2
cj,1,0,1
ck,0,4,4
cking,1,1,2
cks,0,1,1
claim,23,22,45
claimed,4,0,4
claiming,17,6,23
claims,9,12,21
clairvoyant,1,0,1
clamor,1,0,1
clan,1,0,1
clap,1,0,1
clapping,1,0,1
clara,1,0,1
claras,1,0,1
clare,1,0,1
clarence,5,3,8
clarification,0,1,1
clarified,0,1,1
clarify,4,1,5
clarifying,0,1,1
clarita,0,1,1
clarity,1,0,1
clark,1,0,1
clarkson,1,0,1
clash,1,0,1
clasping,0,1,1
class,29,16,45
classes,5,2,7
classic,3,2,5
classical,5,2,7
classified,2,1,3
classify,1,0,1
classist,1,0,1
classless,0,3,3
classmate,1,0,1
classmates,1,0,1
classy,3,0,3
claudia,1,0,1
clause,1,0,1
clauses,1,0,1
claustrophobic,0,1,1
clay,1,0,1
clean,8,6,14
cleaned,2,1,3
cleaner,1,0,1
cleaning,0,2,2
cleanse,0,1,1
cleansed,0,2,2
cleanses,1,0,1
cleansing,1,0,1
clear,25,19,44
clearance,2,2,4
clearheaded,1,0,1
clearing,1,0,1
clearly,33,16,49
cleavage,0,1,1
clegg,1,0,1
clemente,1,0,1
clemson,2,0,2
clergy,1,2,3
cleveland,0,1,1
clever,0,2,2
cliche,1,0,1
cliches,1,0,1
click,1,4,5
clicked,1,0,1
client,2,1,3
clients,4,1,5
cliff,2,0,2
cliffs,1,0,1
cliiimmmm,1,0,1
climate,22,5,27
climates,1,0,1
climb,0,1,1
climbing,0,1,1
climbs,0,1,1
clincher,1,0,1
cling,0,1,1
clinging,0,1,1
clingvto,1,0,1
clinical,2,0,2
clinician,1,0,1
clinton,36,26,62
clintons,2,0,2
clip,1,1,2
clips,1,0,1
clive,0,1,1
cloaks,1,0,1
clock,1,1,2
clocked,1,0,1
clone,0,1,1
close,31,12,43
closed,4,0,4
closely,1,1,2
closer,6,5,11
closes,0,1,1
closest,1,0,1
closet,6,3,9
closing,1,0,1
cloth,1,1,2
clothed,1,0,1
clothes,1,3,4
cloths,1,0,1
clouds,2,0,2
clout,0,1,1
clown,3,18,21
clownish,0,1,1
clowns,2,2,4
clp,1,0,1
club,8,2,10
clubs,4,0,4
clue,21,5,26
clueless,5,7,12
clutching,1,0,1
cmon,1,1,2
cmos,0,1,1
cmp,2,0,2
cnco,1,0,1
cnn,24,16,40
cnnmoney,1,0,1
co,9,3,12
coach,16,6,22
coached,1,0,1
coaches,3,1,4
coaching,3,1,4
coal,2,1,3
coalition,6,3,9
coarse,0,2,2
coast,5,1,6
coastal,1,0,1
coat,3,0,3
cobble,1,0,1
cobra,1,0,1
cock,1,6,7
cockamamy,1,0,1
cocked,1,0,1
cockeyed,1,0,1
cockroach,0,2,2
cockroaches,0,1,1
cocks,1,1,2
cocktail,1,0,1
cockwaffle,1,0,1
cocky,0,1,1
coco,1,0,1
coconut,1,0,1
cod,1,1,2
coddled,1,0,1
code,6,4,10
coded,1,0,1
cody,2,0,2
coercive,1,0,1
coffee,1,1,2
coffers,1,0,1
coffin,0,6,6
cognitive,3,0,3
cohen,1,1,2
coherent,0,1,1
cohesive,2,0,2
cohorts,2,0,2
coin,0,3,3
coincidence,2,1,3
coins,2,0,2
coke,2,0,2
cola,1,0,1
cold,4,4,8
colin,4,2,6
collab,1,0,1
collaborating,0,1,1
collage,1,0,1
collapse,2,2,4
collapses,1,0,1
collar,0,1,1
colleague,1,1,2
colleagues,1,0,1
collect,1,0,1
collected,2,0,2
collecting,1,0,1
collection,1,0,1
collective,4,1,5
collects,1,0,1
colledge,1,0,1
colleen,1,0,1
college,30,9,39
colleges,7,3,10
collins,11,6,17
collude,0,3,3
colluded,0,2,2
colluding,3,3,6
collusion,9,6,15
cologne,2,0,2
colombian,0,1,1
colon,1,1,2
colonel,1,1,2
colonialism,1,0,1
colonizer,1,0,1
color,15,9,24
colorado,2,0,2
colorblind,1,0,1
colored,0,3,3
colors,1,0,1
colossal,2,0,2
colour,1,1,2
colours,1,0,1
columbia,1,0,1
columnist,0,1,1
coma,1,0,1
comb,0,1,1
combat,2,1,3
combined,3,0,3
combos,0,1,1
combust,1,0,1
come,102,44,146
comeback,2,1,3
comedian,6,6,12
comedians,2,0,2
comedic,1,0,1
comedy,6,1,7
comes,51,20,71
comet,0,1,1
comey,2,3,5
comfort,2,1,3
comfortable,7,1,8
comforted,0,1,1
comgress,1,0,1
comic,3,1,4
comical,2,1,3
comics,1,0,1
comie,0,1,1
comin,0,1,1
coming,66,32,98
comingggg,1,0,1
command,2,1,3
commander,1,1,2
commandments,2,0,2
commands,1,0,1
commemoration,1,0,1
commenced,1,0,1
commending,0,1,1
comment,16,12,28
commentary,2,2,4
commentating,1,0,1
commentator,1,0,1
commenting,0,1,1
comments,18,13,31
commerce,1,0,1
commercial,2,2,4
commercialized,1,0,1
commercials,1,1,2
commie,5,4,9
commies,2,3,5
comming,1,0,1
commiserations,0,1,1
commissar,1,0,1
commissioner,0,1,1
commissions,1,0,1
commit,9,3,12
commitee,1,0,1
commiting,0,1,1
commitment,2,0,2
commits,2,1,3
committal,0,1,1
committed,10,7,17
committee,7,2,9
committing,0,2,2
common,48,23,71
commonly,2,0,2
commons,4,0,4
commonsense,2,0,2
commsion,1,0,1
communicate,2,0,2
communication,1,0,1
communism,1,3,4
communist,9,15,24
communistic,0,1,1
communists,8,9,17
communities,2,0,2
community,14,5,19
commuted,1,0,1
comp,1,0,1
companies,12,3,15
company,19,6,25
comparable,1,0,1
compare,7,2,9
compared,9,3,12
compares,0,1,1
comparing,4,5,9
comparison,5,3,8
comparisons,1,0,1
compassion,1,1,2
compassionate,1,0,1
compelled,1,0,1
compete,0,2,2
competence,2,0,2
competency,0,1,1
competent,4,0,4
competing,2,2,4
competition,4,2,6
competitive,4,1,5
competitor,1,1,2
compiled,1,0,1
complacency,0,2,2
complain,9,6,15
complainant,0,1,1
complained,1,0,1
complaining,9,8,17
complains,2,2,4
complaint,4,0,4
complaints,2,0,2
complancey,1,0,1
complete,11,20,31
completely,30,17,47
completion,1,0,1
complex,2,0,2
compliance,1,0,1
compliant,0,1,1
complications,1,0,1
complicit,4,3,7
complicity,3,1,4
complied,0,1,1
compliment,1,1,2
complimenting,1,0,1
compliments,1,0,1
compose,1,0,1
composer,1,0,1
comprehend,0,1,1
comprehension,1,0,1
comprehensive,2,0,2
comprised,3,0,3
compromise,3,1,4
compromised,3,0,3
compromising,2,1,3
compute,1,0,1
computer,7,2,9
computers,1,1,2
comrade,6,0,6
comrades,0,1,1
comstock,0,1,1
con,9,3,12
conadidate,1,0,1
conartists,1,0,1
conceal,2,1,3
concealed,3,2,5
concede,1,0,1
conceding,1,0,1
concentrate,2,0,2
concentrating,2,0,2
concentration,0,2,2
concept,7,1,8
conception,1,0,1
concepts,3,0,3
concern,5,2,7
concerned,9,6,15
concerns,8,2,10
concert,6,5,11
concerts,0,2,2
concession,1,0,1
concessions,1,0,1
conclude,2,0,2
conclusion,5,0,5
conclusions,4,2,6
concocted,0,1,1
concrete,2,2,4
condemn,10,2,12
condemnation,1,0,1
condemnations,1,0,1
condemned,2,0,2
condemning,2,2,4
condemns,1,0,1
condensed,1,0,1
condescending,2,1,3
condition,4,1,5
conditioning,2,0,2
conditions,1,1,2
condom,0,1,1
condone,2,1,3
conduct,0,1,1
conducted,1,0,1
conducting,0,1,1
conduit,1,0,1
coney,1,1,2
conf,1,2,3
confederacy,0,1,1
confederate,2,0,2
confer,1,0,1
conference,6,1,7
confess,1,0,1
confession,2,1,3
confidence,5,0,5
confident,4,0,4
confidential,1,0,1
confidentiality,1,0,1
confirm,14,4,18
confirmation,12,14,26
confirmations,1,1,2
confirmed,19,6,25
confirming,1,1,2
confirms,1,1,2
confiscate,1,0,1
confiscated,1,0,1
confiscation,2,1,3
conflating,2,0,2
conflict,1,1,2
conflicted,1,2,3
conflicting,1,0,1
conform,2,0,2
confounded,1,0,1
confront,2,0,2
confrontations,1,0,1
confronted,4,0,4
confronting,2,1,3
confuse,5,1,6
confused,8,2,10
confusing,1,0,1
congrats,5,2,7
congratulaions,0,1,1
congratulate,1,0,1
congratulation,2,0,2
congratulations,14,1,15
congratz,1,0,1
congress,40,13,53
congressional,7,3,10
congressman,1,3,4
congressmen,2,1,3
congresswoman,2,1,3
conjecture,1,0,1
conjure,0,1,1
connect,3,1,4
connected,8,3,11
connecticut,2,2,4
connecting,4,0,4
connection,8,3,11
connections,6,3,9
connects,1,0,1
connelly,1,0,1
conner,0,1,1
conners,0,1,1
connie,2,0,2
connive,1,0,1
conniving,0,1,1
connor,2,0,2
connors,0,1,1
conquer,1,1,2
cons,5,1,6
conscience,6,2,8
conscientiousness,2,0,2
conscious,0,1,1
consciousness,2,1,3
consensual,1,0,1
consensus,1,1,2
consequences,6,4,10
consequently,1,0,1
conservatard,1,0,1
conservatards,0,1,1
conservatism,3,1,4
conservative,82,28,110
conservatives,625,250,875
conservatorship,1,0,1
conserve,1,0,1
conservs,1,0,1
consider,17,11,28
considerate,1,0,1
consideration,2,0,2
considered,7,8,15
considering,6,5,11
considers,4,0,4
consist,0,3,3
consistant,0,1,1
consistantly,1,0,1
consistency,0,1,1
consistent,4,1,5
consistently,2,2,4
consists,1,0,1
console,1,3,4
consolidating,1,0,1
conspiracy,14,3,17
conspirator,1,0,1
conspiratorial,0,1,1
conspirators,1,0,1
conspire,1,0,1
conspired,0,1,1
constant,2,4,6
constantly,13,6,19
constanza,1,0,1
consternation,0,1,1
constipated,1,1,2
constituency,1,0,1
constituent,1,0,1
constituents,7,2,9
constitution,32,19,51
constitutional,15,6,21
constitutionalist,1,0,1
construct,1,0,1
construction,1,1,2
constructive,0,1,1
consult,1,1,2
consultant,1,0,1
consulting,1,0,1
consumables,1,0,1
consumers,3,1,4
consuming,1,0,1
consumption,1,0,1
cont,1,0,1
contact,4,1,5
contacted,3,1,4
contacting,1,0,1
contacts,2,0,2
contain,0,1,1
containers,1,0,1
contaminate,1,0,1
contaminated,0,1,1
contemplates,1,0,1
contemporary,2,0,2
contempt,1,6,7
contemptuous,0,1,1
contemptuously,1,0,1
contend,2,0,2
contender,1,0,1
content,8,0,8
contents,1,1,2
contest,0,1,1
contestant,3,0,3
contestants,1,0,1
contested,1,0,1
context,3,1,4
continent,0,1,1
contingent,1,0,1
continual,0,1,1
continually,1,1,2
continue,20,17,37
continued,4,1,5
continues,6,3,9
continuing,1,0,1
continuous,1,0,1
continuously,1,0,1
contortionist,1,0,1
contraception,1,0,1
contraceptives,0,1,1
contract,5,0,5
contracts,2,1,3
contradict,0,1,1
contradicted,1,0,1
contradiction,1,1,2
contradictions,0,1,1
contradictory,1,0,1
contradicts,2,0,2
contrary,1,0,1
contravention,0,1,1
contribute,3,1,4
contributed,3,3,6
contributes,1,0,1
contributing,2,0,2
contribution,0,1,1
contributions,4,0,4
contributors,1,0,1
contrived,1,0,1
control,779,452,1231
controll,1,0,1
controlled,6,7,13
controller,1,0,1
controlling,3,4,7
controls,0,1,1
controversal,0,1,1
controversies,1,0,1
controversy,0,3,3
conus,1,0,1
convaluted,1,0,1
convenient,6,4,10
convention,1,0,1
conversation,9,7,16
conversations,2,3,5
conversely,0,1,1
convert,2,0,2
converted,1,0,1
convey,1,0,1
convict,1,1,2
convicted,3,2,5
convicts,1,0,1
convince,4,2,6
convinced,5,2,7
convincing,1,1,2
convincingly,1,0,1
convo,3,1,4
convoluted,1,0,1
conway,1,2,3
coo,0,2,2
coochie,0,1,1
cook,2,1,3
cooked,0,1,1
cookie,3,0,3
cookies,2,2,4
cooking,1,2,3
cooks,0,1,1
cooktragic,1,0,1
cool,22,9,31
cooler,3,0,3
coolers,1,0,1
coolest,4,0,4
cooley,1,0,1
coons,0,1,1
coont,0,1,1
coop,1,0,1
cooper,3,2,5
cooperation,3,0,3
coordinating,1,0,1
cop,8,3,11
copies,2,0,2
copped,0,1,1
coppelion,1,0,1
cops,13,17,30
copy,4,0,4
copycat,2,0,2
copying,0,1,1
cor,1,0,1
corbin,0,1,1
corbyn,7,2,9
corcoran,1,0,1
cordial,0,1,1
core,11,2,13
corey,3,1,4
corn,0,1,1
cornell,1,0,1
corner,3,3,6
cornhole,1,0,1
cornuelle,1,0,1
corp,1,1,2
corporate,5,3,8
corporates,1,0,1
corporation,3,1,4
corporations,0,1,1
corpus,0,2,2
corralled,1,1,2
correct,34,17,51
corrected,2,0,2
correcting,1,1,2
correction,2,1,3
correctional,1,0,1
corrections,1,0,1
correctly,0,2,2
correctness,1,0,1
correlate,1,0,1
correlation,4,2,6
corrente,0,2,2
corridor,1,0,1
corroborate,1,0,1
corroboration,1,1,2
corrupt,20,34,54
corrupted,1,2,3
corrupting,0,1,1
corruption,10,16,26
corruptions,1,0,1
corrupts,0,1,1
corsi,1,0,1
cortez,0,1,1
cory,5,2,7
cos,3,1,4
cosby,1,0,1
cosign,0,1,1
cosnstitution,0,1,1
cosplaying,1,0,1
cosponsored,1,0,1
cost,15,3,18
costanza,0,1,1
costly,1,0,1
costs,4,4,8
costume,1,0,1
cosy,1,0,1
cotton,1,0,1
cotus,2,0,2
couch,4,1,5
couches,0,1,1
cough,4,2,6
couillard,1,0,1
could,139,95,234
couldn,10,2,12
couldnt,1,3,4
couldve,0,1,1
coulter,2,1,3
council,8,0,8
councillors,1,0,1
councils,2,2,4
counsel,2,0,2
counseling,1,0,1
counselled,1,0,1
counselling,1,0,1
counselor,2,0,2
count,20,4,24
counted,0,2,2
counter,6,5,11
counteracts,1,0,1
counterparts,0,1,1
counterproductive,1,0,1
counterprotesters,1,0,1
counterprotestors,1,0,1
counterprotests,1,0,1
counties,0,1,1
counting,5,1,6
countless,0,1,1
countries,17,15,32
country,138,100,238
countrymen,1,0,1
counts,3,0,3
county,9,5,14
coup,6,5,11
couple,7,5,12
coupled,0,1,1
couples,2,1,3
courage,6,2,8
courageous,2,2,4
courages,1,0,1
course,47,18,65
courses,1,0,1
court,45,27,72
courted,0,1,1
courtesy,1,0,1
courthouse,1,0,1
courtney,2,0,2
courtroom,0,1,1
courts,3,3,6
cousin,2,1,3
cousins,1,0,1
covention,1,0,1
cover,17,8,25
coverage,6,3,9
coverages,1,0,1
covered,3,5,8
covering,3,7,10
covers,1,1,2
coverup,2,1,3
coverups,1,0,1
covet,1,1,2
cow,3,3,6
coward,1,21,22
cowardly,1,1,2
cowards,3,6,9
cowboys,0,1,1
cower,1,0,1
cowering,1,0,1
cowherd,0,1,1
coworker,0,1,1
coworkers,1,0,1
cowper,1,0,1
cows,0,1,1
coz,1,4,5
cp,2,0,2
cpc,5,0,5
cpp,1,0,1
cr,1,0,1
crabby,1,0,1
crabcakes,0,1,1
cracchead,1,0,1
crack,3,1,4
cracked,0,1,1
crackers,0,2,2
crackhead,1,1,2
crackheads,3,3,6
cracking,1,0,1
crackpots,0,1,1
cracks,1,0,1
cradle,0,1,1
craft,0,1,1
crafted,0,1,1
crafty,1,0,1
craig,1,0,1
craley,0,1,1
cranky,1,0,1
cranleys,1,0,1
crap,7,40,47
crapper,0,1,1
crappy,0,3,3
craps,0,1,1
crash,5,2,7
crashes,0,1,1
crashing,1,0,1
crate,1,1,2
crates,1,0,1
crats,1,0,1
craven,1,1,2
craves,0,1,1
crawl,3,2,5
cray,1,0,1
crazed,0,1,1
crazier,1,0,1
crazies,2,2,4
craziest,1,1,2
craziness,1,1,2
crazy,27,61,88
cream,1,0,1
creamfields,1,0,1
create,8,14,22
created,12,6,18
creates,0,2,2
creating,6,2,8
creation,1,0,1
creationism,1,0,1
creationist,2,0,2
creative,4,1,5
creativity,1,0,1
creator,4,0,4
creators,1,0,1
creature,1,1,2
creatures,4,1,5
cred,0,1,1
creddy,1,0,1
credibility,5,7,12
credible,11,7,18
credibly,1,0,1
credit,10,7,17
credited,2,0,2
credits,2,0,2
creed,1,1,2
creek,1,0,1
creep,0,4,4
creepier,0,1,1
creeps,1,1,2
creepy,10,5,15
crew,1,2,3
crewneck,1,0,1
crews,1,0,1
cri,1,0,1
crib,0,1,1
crickets,1,0,1
cried,3,1,4
cries,1,0,1
crime,37,32,69
crimes,13,16,29
criminal,20,22,42
criminality,2,0,2
criminally,1,1,2
criminals,33,23,56
cringe,1,1,2
cringeworthy,1,1,2
cripple,1,0,1
crises,1,0,1
crisis,12,7,19
crisper,1,0,1
crispy,0,1,1
cristyn,2,0,2
critic,1,0,1
critical,6,0,6
critically,1,1,2
criticising,2,0,2
criticism,6,5,11
criticize,2,0,2
criticizes,0,1,1
criticizing,2,1,3
critics,1,0,1
critique,1,3,4
crminal,1,0,1
croatia,2,0,2
croatian,1,1,2
crocheting,1,0,1
crock,0,1,1
crocodile,1,2,3
crocs,1,0,1
croft,0,1,1
cronies,2,5,7
croocked,0,1,1
crook,1,9,10
crooked,6,7,13
crooks,2,1,3
crops,1,0,1
cross,11,0,11
crossed,7,4,11
crossers,1,1,2
crosses,3,0,3
crossing,4,1,5
crouton,1,0,1
crow,0,1,1
crowbar,0,1,1
crowd,17,8,25
crowded,3,0,3
crowing,0,1,1
crowther,0,1,1
crucial,3,1,4
crucifixion,1,0,1
crucify,0,1,1
crud,0,1,1
crude,0,1,1
cruel,2,1,3
cruelty,1,0,1
cruising,1,0,1
crumbs,0,2,2
crush,3,5,8
crushed,1,0,1
crushes,0,1,1
crushing,1,0,1
crusts,0,1,1
cruz,15,11,26
cry,15,12,27
crybabies,1,0,1
crybaby,2,3,5
crying,19,10,29
crypt,0,1,1
crypts,1,0,1
crystal,1,0,1
cs,0,1,1
ct,3,0,3
cthulhu,0,1,1
cu,1,0,1
cuase,1,0,1
cuba,1,1,2
cube,0,1,1
cubs,1,0,1
cuccinelli,1,0,1
cuck,0,2,2
cuckoo,1,0,1
cucks,1,0,1
cud,0,1,1
cue,4,0,4
cues,1,0,1
cuffed,1,0,1
culling,0,1,1
culo,0,1,1
cult,6,3,9
cultist,1,0,1
cultists,1,1,2
cultivated,1,0,1
cultural,6,1,7
culturally,1,1,2
culture,24,8,32
cultures,0,1,1
cum,4,1,5
cumbersome,1,0,1
cumm,0,1,1
cumming,1,1,2
cumslave,0,1,1
cunning,1,0,1
cunt,0,6,6
cunts,0,1,1
cuomo,3,1,4
cup,3,0,3
cupcakes,0,1,1
cups,1,0,1
curb,4,1,5
cure,2,0,2
curiosity,1,0,1
curious,7,3,10
curly,1,0,1
current,10,6,16
currently,14,1,15
curriculum,0,4,4
curry,1,0,1
cursing,2,0,2
curtailing,2,0,2
curtails,1,0,1
curtin,1,0,1
curtis,0,1,1
curvature,1,0,1
cury,1,0,1
cus,0,1,1
cushioney,1,0,1
custer,1,0,1
custody,0,2,2
customer,2,1,3
customers,3,0,3
customs,0,1,1
cut,19,13,32
cute,43,14,57
cuter,0,1,1
cutest,3,1,4
cutie,8,0,8
cutiee,2,0,2
cuts,10,0,10
cutsie,0,1,1
cutters,1,0,1
cutting,2,1,3
cuuuuuks,0,1,1
cuz,14,8,22
cville,1,1,2
cy,1,1,2
cya,0,1,1
cyber,1,0,1
cyberpunk,0,1,1
cybersecurity,1,0,1
cycle,1,2,3
cyclones,0,1,1
cynical,1,0,1
czech,1,0,1
da,6,6,12
dabble,1,0,1
daca,1,1,2
dace,1,0,1
dad,14,6,20
daddy,7,7,14
dads,2,1,3
daesh,1,0,1
dafauler,1,0,1
daffy,1,0,1
dagenham,1,0,1
daiichi,1,0,1
daily,12,10,22
dairy,5,0,5
daisho,1,0,1
dale,0,1,1
dalit,0,1,1
dallas,2,4,6
dallon,1,0,1
dam,4,4,8
damage,10,2,12
damaged,3,0,3
damages,1,1,2
damaging,3,0,3
damian,1,0,1
damigo,1,0,1
dammit,1,1,2
damn,18,42,60
damned,1,1,2
damore,1,0,1
dams,1,0,1
damsel,0,2,2
dan,3,3,6
dana,7,4,11
dance,5,2,7
dancer,3,1,4
dancing,1,1,2
dandruff,1,0,1
dang,3,2,5
danger,6,2,8
dangerous,20,20,40
dangerously,3,1,4
dangit,1,0,1
dangled,1,0,1
daniel,1,0,1
danielle,1,0,1
daniels,2,2,4
danikaharrod,0,1,1
danny,1,0,1
dante,1,0,1
darcy,0,1,1
dare,4,11,15
dared,1,0,1
darell,1,0,1
dares,2,0,2
dark,12,1,13
darkest,0,1,1
darkness,2,0,2
darkskin,1,0,1
darling,1,1,2
darn,2,0,2
darned,1,0,1
dart,1,0,1
darts,1,0,1
darwen,1,0,1
dash,0,1,1
dat,0,1,1
data,13,3,16
datafile,1,0,1
date,7,8,15
dated,1,0,1
dates,0,1,1
dating,10,3,13
daughter,14,12,26
daughters,6,7,13
dave,2,0,2
daveb,0,1,1
daves,0,1,1
david,10,9,19
davido,0,2,2
davidson,1,0,1
davis,3,1,4
dawg,1,0,1
dawn,1,1,2
daxamite,1,0,1
day,120,37,157
daylight,1,0,1
days,33,20,53
db,2,0,2
dba,1,0,1
dbc,1,0,1
dbl,1,1,2
dbld,1,0,1
dc,15,9,24
dceu,0,1,1
dcl,1,0,1
dcrats,0,1,1
dd,1,0,1
ddd,1,0,1
ddsl,2,0,2
de,4,2,6
dead,36,31,67
deadass,1,0,1
deadlier,1,0,1
deadline,1,0,1
deadly,1,0,1
deadname,0,1,1
deaf,2,1,3
deafening,1,0,1
deal,41,24,65
dealer,0,1,1
dealers,0,2,2
dealing,7,4,11
deals,1,10,11
dealt,4,0,4
dean,2,1,3
dear,13,5,18
dearest,1,0,1
deargod,1,0,1
dearly,1,1,2
deary,1,0,1
death,28,39,67
deathbed,0,1,1
deaths,13,5,18
debacle,2,1,3
debate,19,11,30
debates,3,1,4
debating,1,2,3
deborah,1,0,1
debs,1,0,1
debt,13,3,16
debts,1,0,1
debunked,1,4,5
decade,3,2,5
decades,8,13,21
decapitated,1,1,2
decay,0,1,1
deceased,0,1,1
deceit,2,0,2
deceive,1,1,2
deceived,1,0,1
deceiver,0,2,2
deceives,0,1,1
deceiving,0,1,1
december,2,1,3
decency,6,5,11
decent,15,11,26
deception,1,1,2
deceptive,2,1,3
decide,12,9,21
decided,11,4,15
decides,2,1,3
deciding,1,0,1
decimate,1,0,1
decision,12,4,16
decisions,5,4,9
decisis,1,0,1
declaration,1,1,2
declare,3,1,4
declared,3,2,5
declaring,0,1,1
declass,1,1,2
declassification,1,0,1
declassified,4,0,4
declassify,3,0,3
declassifying,1,0,1
decline,0,1,1
declined,2,1,3
decommissioned,1,0,1
decompress,1,0,1
decorated,0,1,1
decrease,1,1,2
decreased,1,1,2
decriminalize,1,0,1
decriminalizing,0,1,1
dedicated,2,2,4
dedication,1,0,1
deduct,1,0,1
deductions,1,0,1
deed,1,0,1
deeds,2,2,4
deemed,1,1,2
deems,2,0,2
deep,35,18,53
deeper,3,1,4
deeply,5,2,7
deepstate,2,0,2
deez,1,0,1
def,2,4,6
defamation,1,1,2
defame,1,0,1
default,0,1,1
defaulter,1,0,1
defcon,1,0,1
defeat,3,2,5
defeated,5,3,8
defeatism,0,1,1
defeats,1,0,1
defect,2,0,2
defected,2,0,2
defence,4,1,5
defend,27,16,43
defended,3,1,4
defender,0,1,1
defending,10,8,18
defends,2,1,3
defense,16,6,22
defenseless,3,3,6
defenses,1,0,1
defensive,8,1,9
defensively,2,1,3
deffo,1,0,1
deficiencies,1,0,1
deficient,1,0,1
deficit,5,1,6
deficits,5,0,5
defied,0,1,1
defies,1,0,1
definable,1,0,1
definantly,1,0,1
define,2,0,2
defined,5,2,7
definetly,0,1,1
definite,2,0,2
definitely,35,13,48
definition,16,3,19
definitions,2,0,2
definitively,1,0,1
deflect,0,3,3
deflected,1,0,1
deflecting,1,1,2
deflection,3,0,3
defo,0,1,1
defund,2,0,2
defying,2,0,2
degenerate,1,1,2
degenerated,0,1,1
degenerates,2,0,2
degenerative,1,0,1
degrading,1,0,1
degree,4,1,5
degrees,4,0,4
degrom,1,1,2
dehumanize,0,1,1
dehydrate,1,0,1
deirdre,1,0,1
dejected,1,0,1
delaney,1,0,1
delay,15,7,22
delayed,3,1,4
delaying,0,1,1
delays,1,0,1
deleiver,0,1,1
delete,6,2,8
deleted,3,0,3
deleting,1,1,2
deletion,0,1,1
deliberate,1,2,3
deliberately,2,3,5
deliberations,1,0,1
delicious,1,1,2
delighted,1,0,1
delirious,0,1,1
deliver,8,1,9
deliverance,1,0,1
delivered,1,0,1
delivering,1,0,1
delivers,1,0,1
delivery,1,1,2
deluded,2,2,4
deludes,1,0,1
delusion,2,1,3
delusional,6,14,20
delusions,1,0,1
dem,21,13,34
demagogues,0,1,1
demand,15,7,22
demanded,2,0,2
demanding,6,2,8
demands,6,1,7
demarat,1,0,1
demeaned,1,0,1
demeaning,1,0,1
demension,1,0,1
demented,2,5,7
dementia,0,2,2
demi,1,0,1
demise,0,1,1
demo,2,1,3
democ,0,1,1
democommunists,0,1,1
democracies,1,0,1
democracy,16,11,27
democraps,1,0,1
democrat,48,37,85
democrate,0,1,1
democratic,28,24,52
democratically,2,0,2
democrats,126,129,255
demographic,1,0,1
demographics,3,2,5
demolish,0,1,1
demon,4,5,9
demoncraps,2,1,3
demoncratic,1,1,2
demoncrats,1,0,1
demonic,0,3,3
demonize,0,2,2
demonized,2,0,2
demonizes,1,0,1
demonrat,1,1,2
demonratic,1,0,1
demonrats,0,5,5
demons,2,5,7
demonstrate,1,1,2
demonstrates,1,0,1
demonstration,1,0,1
demonstrator,1,0,1
demonstrators,2,0,2
demonuts,1,0,1
demoralize,1,1,2
demorats,1,1,2
demoted,0,1,1
dems,75,36,111
denial,7,1,8
denials,1,0,1
denied,2,2,4
denies,1,1,2
denigrate,0,1,1
denigrating,1,0,1
dennehy,1,0,1
dennis,1,0,1
dennison,1,0,1
dennys,0,1,1
denounce,4,4,8
denounced,4,2,6
denouncing,0,2,2
dense,1,1,2
density,1,0,1
dental,0,1,1
dentists,0,1,1
denuclearization,1,1,2
denuclearizing,0,1,1
denuke,1,0,1
denver,2,0,2
deny,5,4,9
denying,1,4,5
denys,0,1,1
deo,1,0,1
department,2,8,10
departments,0,1,1
depend,4,1,5
dependence,1,0,1
dependent,2,0,2
depending,2,0,2
depends,7,2,9
depict,1,0,1
deplorable,4,10,14
deplorables,7,1,8
deport,2,2,4
deportation,1,1,2
deported,0,2,2
deporting,0,2,2
deprecating,0,1,1
depressed,3,0,3
depressing,0,1,1
depression,3,3,6
deprive,2,0,2
dept,4,1,5
depth,2,0,2
depts,0,1,1
deputy,1,0,1
der,2,0,2
derail,4,3,7
derailing,1,0,1
deranged,2,6,8
derangement,3,2,5
deregionised,0,1,1
deregulating,1,0,1
deregulation,0,1,1
deregulations,1,0,1
derivative,0,1,1
derrick,0,1,1
dershowitz,0,1,1
derwin,1,0,1
desanctis,0,1,1
desantis,4,1,5
descended,0,1,1
descent,0,1,1
describe,5,3,8
described,3,0,3
describes,3,2,5
describing,4,1,5
description,5,2,7
descriptions,1,0,1
descriptive,1,0,1
desecrate,1,0,1
desecrating,1,0,1
desensitize,0,1,1
desert,1,0,1
deserve,22,11,33
deserved,4,5,9
deservedly,1,0,1
deserves,13,7,20
deserving,2,0,2
desi,1,0,1
design,3,0,3
designated,1,1,2
designed,3,3,6
designers,0,1,1
desinfo,1,0,1
desirable,1,0,1
desire,1,1,2
desired,1,1,2
desires,0,2,2
desk,3,1,4
desks,1,0,1
despacito,1,0,1
despair,1,0,1
desperate,18,11,29
desperately,3,4,7
desperation,2,3,5
despicable,8,15,23
despicably,0,1,1
despise,2,2,4
despite,8,6,14
despondent,0,1,1
desrerved,0,1,1
desths,0,1,1
destination,1,0,1
destined,1,0,1
destiny,3,1,4
destriment,0,1,1
destroy,24,30,54
destroyed,15,9,24
destroyer,1,0,1
destroying,4,8,12
destroysovereignusa,0,1,1
destruction,9,1,10
destructive,4,1,5
detached,2,0,2
detachment,1,0,1
detail,0,3,3
detailed,1,1,2
details,12,3,15
detained,0,1,1
detect,1,1,2
detective,1,0,1
detectives,0,1,1
detector,4,1,5
detectors,0,1,1
detention,1,0,1
deter,1,1,2
deterioration,0,1,1
determination,1,0,1
determine,0,2,2
determined,5,3,8
determines,1,0,1
determining,1,0,1
deterrent,1,0,1
detest,1,2,3
detracting,1,0,1
detriment,0,1,1
detrimental,2,0,2
detroit,0,1,1
dev,1,0,1
devaluation,1,0,1
devaluing,0,1,1
devastate,1,0,1
devastated,1,1,2
devastates,1,0,1
devastating,2,1,3
develop,0,1,1
developed,0,2,2
developer,1,0,1
developing,0,1,1
development,2,0,2
developments,1,0,1
devestated,1,0,1
deviancy,0,1,1
deviant,1,0,1
deviants,0,1,1
devided,1,0,1
devil,3,11,14
devils,0,3,3
devin,5,1,6
devious,1,0,1
devoid,1,0,1
devolved,1,0,1
devos,2,0,2
devoted,1,0,1
devotees,1,0,1
devout,1,0,1
devs,1,0,1
dewwane,1,0,1
dexades,0,1,1
dey,0,3,3
dez,0,1,1
dfla,1,0,1
dhanya,0,1,1
dharmic,0,1,1
dhudbe,1,0,1
di,0,1,1
diabetic,1,0,1
diabetics,0,1,1
diagnose,2,0,2
diagnosed,2,0,2
diagnosis,1,0,1
diagnostic,1,0,1
diagrams,1,0,1
dialogue,1,0,1
diamond,3,1,4
diane,4,0,4
dianne,2,3,5
diaper,0,1,1
diarrhea,0,2,2
diatribe,0,1,1
dibales,1,0,1
dick,4,23,27
dickbrain,1,0,1
dickey,1,0,1
dickface,0,1,1
dickhead,0,1,1
dickmatized,0,1,1
dickweed,0,1,1
dictate,2,2,4
dictator,2,4,6
dictators,1,1,2
dictatorship,0,3,3
dictionary,3,3,6
did,282,156,438
didn,62,28,90
didnt,11,8,19
die,15,19,34
died,12,19,31
diehard,1,0,1
dier,1,0,1
dies,4,2,6
diet,5,0,5
diff,5,0,5
differant,1,0,1
difference,23,9,32
differences,2,0,2
different,40,22,62
differential,1,0,1
differentiate,0,1,1
differently,2,3,5
difficult,4,2,6
difficulties,1,0,1
difficulty,1,0,1
diffrent,1,0,1
difi,1,0,1
dig,6,5,11
digestible,1,0,1
diggers,0,1,1
digging,1,1,2
digital,3,1,4
digits,0,1,1
dignified,1,0,1
dignify,0,1,1
dignity,3,1,4
digusting,0,1,1
dil,1,0,1
dildo,0,3,3
dildos,0,1,1
dilemma,1,0,1
diligence,1,0,1
dillinger,1,0,1
dillusional,0,1,1
dilute,1,0,1
diluted,1,0,1
dilution,0,1,1
dim,1,0,1
dime,2,2,4
dimension,1,0,1
dimensional,0,1,1
diminish,0,2,2
dimly,0,1,1
dimms,2,0,2
dimon,0,1,1
dims,2,0,2
dimwit,0,1,1
din,1,0,1
dina,1,0,1
dine,1,0,1
diners,1,1,2
ding,0,1,1
dinner,5,2,7
dinners,2,0,2
dino,1,0,1
dinosaur,0,1,1
dint,0,1,1
dion,1,0,1
dip,0,2,2
dipfuck,0,1,1
diplomacy,1,0,1
diplomat,1,1,2
dipshit,0,3,3
dipshits,0,3,3
dipstick,1,0,1
direct,5,3,8
directed,2,3,5
directing,2,0,2
direction,5,0,5
directive,1,0,1
directly,7,1,8
director,0,2,2
directorship,1,0,1
dirk,1,0,1
dirt,6,5,11
dirtbag,0,1,1
dirty,9,19,28
disabled,2,5,7
disagree,13,10,23
disagreed,0,1,1
disagreeing,1,1,2
disagreement,0,1,1
disagreements,0,1,1
disagrees,4,1,5
disappear,2,3,5
disappeared,1,0,1
disappointed,3,6,9
disappointing,1,0,1
disappointment,2,1,3
disapproval,1,1,2
disarm,4,4,8
disarmed,2,0,2
disarming,3,0,3
disarmthem,0,1,1
disaster,11,2,13
disasters,1,0,1
disastrous,1,0,1
disavoving,1,0,1
disavow,2,0,2
disclaimer,1,1,2
disclosing,1,0,1
disclosure,2,0,2
disclosures,1,0,1
disco,0,1,1
disconnect,2,0,2
disconnected,2,0,2
disconnecting,1,0,1
discontent,0,1,1
discontents,0,1,1
discord,2,0,2
discourage,1,0,1
discouraged,3,0,3
discourages,1,0,1
discouraging,1,0,1
discourse,1,0,1
discover,2,0,2
discovered,3,3,6
discovery,0,1,1
discredit,5,5,10
discredited,1,1,2
discreet,1,1,2
discrepancies,1,0,1
discretion,1,0,1
discriminate,2,1,3
discriminating,1,1,2
discrimination,3,1,4
discuss,9,1,10
discussed,2,1,3
discussing,6,1,7
discussion,5,4,9
discussions,1,2,3
discusted,1,0,1
disease,1,1,2
diseases,0,1,1
disembowels,1,0,1
disempowered,1,0,1
disgrace,11,32,43
disgraced,1,0,1
disgraceful,2,7,9
disgracing,1,0,1
disgruntled,2,1,3
disguise,1,0,1
disguised,2,1,3
disguses,1,0,1
disgusted,2,2,4
disgusting,9,63,72
dish,0,2,2
dishonest,0,6,6
dishonored,0,1,1
dishwasher,1,0,1
disinfectant,0,1,1
disingenuous,3,0,3
disinterest,1,0,1
disisive,1,0,1
dislike,7,4,11
disliked,0,1,1
dislikes,1,0,1
dismantle,1,0,1
dismayed,1,0,1
dismembered,0,1,1
dismiss,2,0,2
dismissed,2,1,3
dismisses,1,0,1
dismissing,1,0,1
dismissive,2,1,3
disney,2,1,3
disobedience,1,0,1
disorder,3,6,9
disowned,1,0,1
disparity,1,0,1
dispense,1,0,1
dispensed,1,0,1
displace,1,0,1
displaced,1,0,1
displacement,1,0,1
displacing,0,1,1
display,1,2,3
displayed,1,2,3
displaying,0,1,1
displays,1,2,3
displeased,1,0,1
displeasure,1,0,1
disposable,0,1,1
disposal,1,0,1
disprove,1,0,1
disproven,1,0,1
dispute,2,1,3
disputed,0,1,1
disputing,1,0,1
disqualify,3,1,4
disqualifying,2,0,2
disregard,4,2,6
disrepute,1,0,1
disrespect,9,4,13
disrespected,0,1,1
disrespectful,0,4,4
disrespectfully,1,0,1
disrespecting,1,0,1
disrespects,1,0,1
disrupt,5,0,5
disruptive,1,0,1
diss,0,1,1
dissapointing,0,1,1
dissatisfaction,1,0,1
dissent,2,1,3
dissenting,0,1,1
disservice,0,1,1
dissonance,2,0,2
distance,3,0,3
distant,2,1,3
distinction,5,0,5
distinguish,1,0,1
distinguished,1,0,1
distinguishing,1,0,1
distopia,1,0,1
distorting,1,1,2
distortion,1,0,1
distorts,0,1,1
distract,0,2,2
distracted,1,2,3
distracting,0,1,1
distraction,2,1,3
distractions,1,0,1
distracts,2,1,3
distress,1,1,2
distressed,1,0,1
distribute,1,0,1
distributed,2,0,2
district,7,4,11
districts,3,0,3
distrust,1,0,1
disturbed,2,4,6
disturbing,3,1,4
ditch,1,0,1
diva,1,0,1
dive,0,2,2
diverse,2,0,2
diversion,1,1,2
diversity,5,1,6
divert,2,1,3
diverting,0,2,2
divest,1,0,1
divide,6,6,12
divided,4,2,6
dividend,1,0,1
divider,0,1,1
dividing,1,2,3
divine,2,1,3
division,4,3,7
divisions,1,0,1
divisive,0,2,2
divorce,4,1,5
divorced,4,1,5
dixiecrats,2,1,3
dj,0,1,1
djsjsjjs,0,1,1
djt,1,3,4
dl,3,0,3
dlc,1,1,2
dle,0,1,1
dm,4,0,4
dmed,0,1,1
dms,2,0,2
dna,1,1,2
dnc,7,8,15
dns,0,1,1
dnt,1,0,1
do,952,516,1468
doable,0,1,1
dobson,1,0,1
doc,0,1,1
docks,1,0,1
docs,5,4,9
doct,1,0,1
doctor,10,1,11
doctors,1,1,2
doctrine,1,1,2
document,0,2,2
documentarian,1,0,1
documentaries,1,0,1
documentary,0,1,1
documentation,3,0,3
documented,2,0,2
documents,8,6,14
dodge,1,1,2
dodged,0,1,1
dodgers,2,1,3
dodging,1,0,1
dodgy,0,1,1
does,259,134,393
doesent,1,0,1
doesn,61,52,113
doesnt,9,11,20
dog,21,18,39
doggie,0,1,1
doggy,1,0,1
dogooodthers,1,0,1
dogs,7,6,13
doilies,1,0,1
doin,2,1,3
doing,139,75,214
doings,2,2,4
doj,7,5,12
dojo,1,0,1
doldrums,1,0,1
doll,3,0,3
dollar,11,2,13
dollars,14,7,21
dolls,1,1,2
dolt,2,1,3
dolts,0,1,1
dom,1,0,1
domestic,13,11,24
dominant,2,0,2
dominate,1,0,1
dominated,2,0,2
dominique,1,0,1
dominos,0,1,1
domme,0,1,1
domo,0,1,1
don,210,152,362
donald,26,14,40
donate,3,1,4
donated,1,0,1
donates,1,1,2
donating,1,1,2
donation,2,1,3
donations,9,0,9
done,81,53,134
dong,3,1,4
donkey,0,1,1
donkeys,0,1,1
donna,1,1,2
donnie,1,2,3
donny,0,1,1
donor,0,1,1
donors,0,1,1
donot,1,0,1
dont,42,37,79
donuts,1,1,2
donybrooke,1,0,1
doo,2,0,2
doodle,1,0,1
doofuses,1,0,1
doom,2,0,2
doomed,5,2,7
doomentio,1,0,1
doomfist,0,1,1
doomsday,1,0,1
door,13,6,19
doors,2,1,3
doozy,1,0,1
dope,2,10,12
dopest,0,1,1
dopey,0,1,1
dorinda,0,1,1
dork,1,0,1
dorks,1,0,1
dorner,1,0,1
dorsey,2,1,3
dorter,1,0,1
dos,0,1,1
dosen,1,0,1
dosn,1,0,1
dost,1,0,1
dota,1,0,1
dots,1,0,1
dottering,0,1,1
double,15,10,25
doubled,1,0,1
doubles,0,1,1
doubling,1,2,3
doubloons,2,0,2
doubt,21,15,36
doubtfire,1,0,1
doubtful,1,0,1
doubting,1,0,1
douche,1,2,3
douchebag,0,1,1
doug,8,1,9
dough,2,0,2
dougie,1,0,1
douglas,2,0,2
dow,0,1,1
down,151,77,228
downfall,2,1,3
downhill,0,1,1
downingstreet,1,0,1
downloading,2,0,2
downplay,1,1,2
downs,1,0,1
downside,1,0,1
downstream,0,1,1
downtown,1,3,4
downtrodden,1,0,1
doxing,3,0,3
doxx,2,0,2
doxxing,1,0,1
dozens,1,0,1
dozing,0,1,1
dp,1,0,1
dpd,1,0,1
dr,19,11,30
draconian,0,1,1
draft,3,2,5
drafts,0,2,2
drag,4,2,6
dragged,1,0,1
dragging,1,0,1
dragon,3,2,5
drain,3,3,6
drained,1,0,1
draining,1,1,2
drake,0,2,2
drama,7,3,10
dramatic,1,3,4
dramatically,1,0,1
dramione,0,1,1
drank,1,0,1
dravidanadu,1,0,1
draw,3,4,7
drawing,2,2,4
drawings,2,0,2
drawn,0,1,1
dreads,1,0,1
dream,11,7,18
dreamdoll,0,1,1
dreamed,1,0,1
dreamer,1,0,1
dreamers,1,4,5
dreaming,1,1,2
dreams,5,3,8
dreamt,1,0,1
dred,1,0,1
dredd,1,0,1
dredge,0,1,1
dreg,2,1,3
dregs,5,10,15
dress,6,1,7
dressed,1,1,2
dresses,4,2,6
dressing,2,0,2
drew,3,1,4
drie,1,0,1
drift,1,0,1
drill,2,0,2
drills,0,1,1
drink,11,2,13
drinker,1,0,1
drinkers,0,1,1
drinking,4,7,11
drinks,1,1,2
drip,1,0,1
drive,2,2,4
drivel,1,1,2
driven,4,0,4
driver,2,3,5
drivers,1,1,2
drives,2,1,3
driving,10,2,12
drone,1,0,1
drooping,0,1,1
drop,4,6,10
dropped,5,7,12
dropping,2,1,3
drops,3,1,4
drove,4,0,4
droves,0,1,1
drown,0,3,3
drowning,0,1,1
drowns,1,0,1
drug,10,12,22
druggie,0,1,1
druggy,1,0,1
drugs,5,7,12
drum,2,1,3
drummer,1,0,1
drump,1,0,1
drumpf,1,0,1
drunk,12,16,28
drunkest,0,1,1
dry,3,5,8
ds,1,0,1
dsa,2,0,2
dt,1,3,4
du,1,0,1
duality,1,0,1
dubakoor,0,2,2
dubious,0,1,1
dublin,0,1,1
duck,1,4,5
duckduckgo,0,1,1
ducky,1,0,1
duct,0,1,1
dud,0,1,1
duddy,1,0,1
dude,30,21,51
dudes,0,1,1
due,24,15,39
duel,1,0,1
dues,0,1,1
duet,1,0,1
dufus,1,0,1
duh,3,0,3
duhh,1,0,1
duke,2,0,2
dukin,1,0,1
dull,1,1,2
duluth,1,0,1
duly,4,2,6
dum,1,0,1
dumb,9,43,52
dumba,0,1,1
dumbaf,0,1,1
dumbass,0,4,4
dumbasses,1,2,3
dumber,0,6,6
dumbest,1,6,7
dumbfuck,0,1,1
dummies,2,0,2
dummy,2,1,3
dumocrat,0,1,1
dump,7,1,8
dumped,1,0,1
dumping,0,2,2
dumpster,1,2,3
dun,1,0,1
duncan,0,1,1
dundee,1,0,1
dung,2,1,3
dunnit,0,1,1
dunno,4,0,4
dunt,0,1,1
dup,1,0,1
dupe,0,1,1
duped,1,0,1
duper,1,0,1
dupes,0,1,1
durable,1,0,1
durag,0,1,1
durbin,5,4,9
durham,1,0,1
during,25,14,39
dush,1,0,1
dust,3,0,3
dustbin,0,1,1
duster,1,0,1
dutch,1,0,1
duterte,1,1,2
duties,2,0,2
duty,1,1,2
duuuueerrrrhhh,0,1,1
dv,1,0,1
dwarf,1,0,1
dwarfism,1,0,1
dweeb,0,1,1
dweller,0,1,1
dwellers,1,0,1
dwelling,1,0,1
dwi,1,0,1
dwp,0,1,1
dydinv,1,0,1
dye,1,0,1
dyess,1,0,1
dying,12,4,16
dyke,0,1,1
dylan,0,1,1
dyn,1,0,1
dynamic,2,0,2
dynasty,1,0,1
dyrus,0,1,1
each,26,21,47
eachother,1,0,1
eager,1,2,3
eagle,1,0,1
eagles,2,0,2
ear,2,1,3
earlier,7,2,9
early,10,7,17
earn,2,1,3
earned,9,3,12
earners,1,0,1
earnings,1,0,1
earphones,1,0,1
ears,3,4,7
earth,11,10,21
earthy,0,1,1
ease,1,1,2
easier,5,2,7
easiest,3,0,3
easily,9,9,18
east,5,2,7
eastern,2,0,2
easy,18,10,28
eat,13,16,29
eaten,4,1,5
eater,2,0,2
eaters,1,0,1
eating,10,9,19
eats,1,3,4
eb,1,0,1
ebert,1,0,1
ebola,1,0,1
ec,0,1,1
ecb,1,0,1
echelons,0,1,1
echo,1,1,2
echr,1,0,1
econ,0,1,1
economic,9,1,10
economically,1,0,1
economics,2,2,4
economist,1,0,1
economy,32,10,42
ecstasy,0,1,1
ecstatic,1,0,1
ect,1,2,3
ed,10,9,19
edd,0,1,1
eddandflow,0,1,1
eddie,4,1,5
edge,5,0,5
edges,0,1,1
edgy,0,1,1
edible,1,0,1
edited,1,0,1
editing,1,0,1
edition,0,1,1
editor,1,3,4
editorial,0,1,1
editors,0,2,2
educate,2,4,6
educated,3,7,10
educating,4,1,5
education,18,6,24
educational,1,1,2
edwsrd,1,0,1
eea,1,0,1
eejits,1,0,1
eel,1,0,1
een,1,0,1
ef,1,0,1
efects,1,0,1
eff,0,1,1
effect,8,6,14
effected,0,3,3
effecting,1,0,1
effective,9,3,12
effectively,2,1,3
effects,1,0,1
efficient,3,0,3
effing,1,0,1
effort,8,0,8
effortless,1,0,1
effortlessly,1,0,1
efforts,6,0,6
efta,1,0,1
eg,0,1,1
egad,1,0,1
egg,0,1,1
egghead,0,1,1
egging,1,0,1
eggman,1,0,1
ego,1,1,2
egomaniac,0,1,1
egos,1,0,1
egregious,0,1,1
egypt,1,1,2
eh,5,3,8
ehat,1,0,1
ehave,0,1,1
ehen,2,0,2
ehrman,1,0,1
ei,2,0,2
eighjt,0,1,1
eight,2,1,3
eights,0,1,1
ein,0,1,1
eine,1,0,1
einsatzgruppen,1,0,1
eirc,0,1,1
either,48,34,82
eitherway,1,0,1
eject,1,0,1
ejected,0,1,1
ek,1,0,1
el,1,1,2
elaborate,1,0,1
elaine,1,0,1
elder,1,2,3
elderly,3,2,5
elect,8,4,12
electable,1,0,1
elected,26,20,46
electing,3,1,4
election,57,21,78
elections,17,5,22
electoral,2,1,3
electorate,4,0,4
electors,0,1,1
electric,2,0,2
electricity,4,0,4
electronically,1,0,1
elegant,1,0,1
element,2,0,2
elementary,4,0,4
elements,1,0,1
elephant,1,0,1
elevate,1,0,1
elevating,0,1,1
eli,1,0,1
elicit,0,1,1
eligible,1,0,1
eliminate,3,4,7
eliminated,4,1,5
eliminating,1,0,1
elimination,0,1,1
elison,0,1,1
elite,6,4,10
elites,3,2,5
elitist,5,2,7
elitists,2,2,4
eliza,2,0,2
elizabeth,2,0,2
elk,2,0,2
ell,1,0,1
ellen,0,2,2
ellison,15,8,23
elmer,1,0,1
elmo,2,0,2
elo,0,1,1
elon,1,1,2
eloquent,1,0,1
eloquently,1,0,1
elpizo,1,0,1
els,1,0,1
else,51,35,86
elsewhere,4,2,6
elucidate,1,0,1
elves,0,1,1
em,6,15,21
email,9,1,10
emails,1,4,5
emanuel,0,2,2
embalment,1,0,1
embarassed,0,1,1
embarrass,1,0,1
embarrassed,4,3,7
embarrassing,5,5,10
embarrassment,5,9,14
embedded,0,1,1
embezzeled,0,1,1
embezzlement,0,1,1
emblem,1,0,1
embrace,2,1,3
embraced,2,1,3
embraces,1,1,2
embracing,2,1,3
emerge,2,1,3
emergency,3,3,6
emerges,1,0,1
emily,1,0,1
eminem,1,1,2
eminent,1,0,1
emission,2,0,2
emissions,0,1,1
emma,0,1,1
emmanuel,1,0,1
emmys,3,2,5
emo,3,0,3
emoji,1,1,2
emotion,3,2,5
emotional,4,3,7
emotionally,5,1,6
emotions,5,4,9
empathy,5,4,9
emperor,1,0,1
emphasis,3,1,4
empire,3,0,3
empirical,1,0,1
employ,1,1,2
employed,1,0,1
employee,4,1,5
employees,7,2,9
employment,5,0,5
emplyers,1,0,1
empoundment,1,0,1
empower,2,0,2
empowered,1,1,2
empowering,1,1,2
emptiness,0,1,1
empty,8,10,18
ems,1,0,1
en,1,1,2
enable,1,0,1
enabled,1,1,2
enabler,0,1,1
enabling,1,1,2
enact,1,2,3
enacted,3,1,4
encashing,1,0,1
encore,0,1,1
encountered,1,0,1
encourage,1,1,2
encouraged,1,2,3
encouragement,1,0,1
encourages,2,0,2
encouraging,3,0,3
end,56,34,90
endanger,1,0,1
endangered,1,0,1
endangerment,0,1,1
endangers,0,1,1
endearment,1,0,1
endeavor,2,0,2
endeavors,2,1,3
ended,7,6,13
endgame,1,0,1
ending,6,1,7
endings,1,0,1
endless,3,3,6
endlessly,1,0,1
endorse,1,2,3
endorsed,1,0,1
endorsement,4,2,6
endorses,1,1,2
ends,3,5,8
endure,1,0,1
enduring,2,0,2
enemies,4,5,9
enemy,9,6,15
energetic,1,0,1
energized,1,0,1
energy,13,4,17
enforce,1,4,5
enforced,2,2,4
enforcement,12,12,24
enforcers,1,0,1
enforcing,2,0,2
eng,1,0,1
engage,3,2,5
engaged,4,0,4
engaging,3,0,3
engine,3,0,3
engineer,1,0,1
engineering,2,1,3
engineers,2,0,2
england,3,5,8
english,9,2,11
engrained,0,1,1
engrossed,1,0,1
enhanced,1,0,1
enioy,1,0,1
enjoy,10,5,15
enjoyable,3,0,3
enjoyed,2,2,4
enjoying,11,3,14
enjoys,1,0,1
enlightened,1,0,1
enlightening,1,0,1
enmeshed,1,0,1
enormous,1,0,1
enough,70,58,128
enraged,1,0,1
enriching,1,0,1
enrichment,2,0,2
enshrined,1,0,1
enslave,1,1,2
enslavement,0,1,1
ensure,3,1,4
ensured,1,0,1
ensuring,1,0,1
enter,1,0,1
entered,1,0,1
entering,5,0,5
enters,1,0,1
entertain,0,3,3
entertainer,1,0,1
entertainers,1,1,2
entertaining,3,2,5
entertainment,1,0,1
enthusiasm,1,0,1
enthusiastic,3,0,3
entire,23,15,38
entirely,3,1,4
entirety,1,0,1
entities,0,1,1
entitled,7,4,11
entitlement,3,0,3
entitlements,3,0,3
entity,2,1,3
entrance,1,0,1
entrenches,1,0,1
entrepreneurial,1,0,1
entropy,0,1,1
entry,3,0,3
entryist,1,0,1
enuf,0,1,1
enugu,1,0,1
environment,10,6,16
environmental,3,0,3
environmentally,1,0,1
envy,1,1,2
epa,2,0,2
epic,6,3,9
epidemic,1,1,2
epiphany,0,1,1
episcopalians,1,0,1
episode,6,1,7
episodes,1,0,1
epithats,0,1,1
epithet,1,0,1
epitome,6,1,7
epitomizes,0,1,1
epson,0,1,1
equal,2,2,4
equalities,1,0,1
equality,2,1,3
equally,6,1,7
equals,2,1,3
equate,1,2,3
equating,1,0,1
equation,1,0,1
equip,1,0,1
equipment,1,0,1
equipped,3,0,3
equivalence,1,0,1
equivalency,0,2,2
equivalent,3,1,4
equivocal,1,0,1
er,1,3,4
era,1,1,2
eradicating,1,0,1
erase,1,0,1
erased,0,1,1
erasing,0,1,1
erect,0,1,1
erg,2,0,2
ergo,1,0,1
eric,18,20,38
erick,1,2,3
erickson,0,2,2
erikholder,1,0,1
erin,0,1,1
ernie,3,2,5
eroding,1,0,1
err,0,1,1
error,2,0,2
errors,3,0,3
ers,4,3,7
es,2,2,4
esa,1,0,1
escalated,1,0,1
escapades,1,0,1
escape,2,4,6
escaped,0,2,2
escapes,0,1,1
escaping,1,0,1
eschew,1,0,1
escort,1,2,3
esp,3,1,4
espacily,1,0,1
especially,15,7,22
especiallysen,0,1,1
espically,0,1,1
espionage,2,0,2
espn,6,2,8
esport,0,2,2
espouse,0,2,2
espouses,0,1,1
essential,3,2,5
essentially,1,1,2
est,0,1,1
established,1,1,2
establishing,1,0,1
establishment,7,4,11
establishmnt,1,0,1
estate,0,1,1
esteem,0,1,1
estoy,0,1,1
et,4,1,5
etat,2,2,4
etc,19,15,34
eternal,1,0,1
eternity,1,0,1
etf,0,2,2
eth,1,0,1
ethic,1,0,1
ethical,1,1,2
ethically,0,1,1
ethics,5,3,8
ethnic,2,0,2
ethnicities,1,0,1
etiquette,1,0,1
eto,1,0,1
etre,1,0,1
ets,1,0,1
etsy,2,0,2
eu,18,7,25
euphemisms,0,1,1
euphoria,1,0,1
euro,0,1,1
europe,10,4,14
european,6,3,9
europeans,0,1,1
euros,1,0,1
euthanasia,1,0,1
evacuate,2,0,2
evade,1,0,1
evading,1,0,1
eval,1,0,1
evaluate,1,1,2
evaluation,1,0,1
evan,0,3,3
evangelical,1,0,1
evangelicals,1,1,2
evangelion,1,0,1
evanne,1,0,1
evasion,0,2,2
eve,2,1,3
eveb,0,1,1
even,198,140,338
evening,5,1,6
evenly,2,0,2
event,13,1,14
events,7,6,13
eventuality,0,1,1
eventually,3,4,7
ever,126,69,195
everchanging,1,0,1
evergreet,1,0,1
evert,0,1,1
every,122,72,194
everybody,15,4,19
everyday,16,8,24
everyone,112,64,176
everyrhing,1,0,1
everything,101,53,154
everytime,3,0,3
everytown,2,1,3
everyway,0,1,1
everywheh,1,0,1
everywhere,6,7,13
eveything,0,1,1
evict,0,1,1
evicted,1,0,1
eviction,1,0,1
evidence,34,19,53
evidenced,1,1,2
evident,2,1,3
evidently,0,2,2
evil,21,39,60
evilest,0,1,1
evilness,0,1,1
evisceration,1,0,1
evolution,1,2,3
evolutionary,1,0,1
evolve,1,0,1
evolved,1,0,1
evolving,1,0,1
evonomy,1,0,1
evritiem,1,0,1
evs,1,0,1
ew,1,0,1
ewa,2,0,2
ewu,0,1,1
ex,14,6,20
exact,5,6,11
exactly,65,22,87
exaggerating,2,0,2
exaggeration,1,1,2
examination,1,0,1
examinations,1,0,1
examine,3,0,3
examined,1,0,1
examing,1,0,1
example,21,12,33
examples,9,1,10
exams,1,0,1
exaserbate,1,0,1
exceed,1,0,1
exceeds,1,0,1
excellence,3,0,3
excellent,20,1,21
except,35,19,54
exceptable,1,0,1
excepting,1,0,1
exception,1,0,1
exceptional,1,0,1
exceptions,2,1,3
exchange,7,1,8
excited,11,1,12
excitement,1,0,1
exciting,1,2,3
exclude,1,1,2
excluding,3,2,5
exclusion,1,0,1
exclusionary,1,0,1
exclusive,3,0,3
exclusively,5,1,6
excommunicate,0,1,1
excoriating,1,0,1
exculpatory,1,0,1
excuse,21,13,34
excused,1,1,2
excuses,11,3,14
excusing,1,0,1
exec,2,0,2
execs,1,0,1
execute,2,0,2
executed,0,1,1
executes,0,1,1
executing,1,0,1
executioners,0,1,1
executive,4,1,5
exempt,1,1,2
exempted,1,0,1
exercise,3,1,4
exert,1,0,1
exerted,1,0,1
exhaling,1,0,1
exhaustive,1,0,1
exhibit,1,1,2
exhibited,2,0,2
exhortation,0,1,1
exis,0,1,1
exist,14,3,17
existed,3,1,4
existence,4,7,11
existent,5,1,6
existing,1,2,3
exists,9,2,11
exit,3,0,3
exorcism,0,1,1
exotic,1,0,1
expand,3,1,4
expanding,2,0,2
expansion,2,0,2
expect,21,12,33
expectations,1,0,1
expected,5,5,10
expecting,7,4,11
expendable,1,0,1
expense,1,1,2
expensive,6,2,8
experience,15,10,25
experienced,3,2,5
experiences,1,0,1
experiencing,2,0,2
experiment,1,0,1
experiments,1,0,1
expert,8,2,10
experts,7,1,8
expire,1,0,1
expired,0,1,1
expirrence,1,0,1
explain,17,8,25
explained,3,1,4
explaining,5,1,6
explains,7,4,11
explanation,3,2,5
explicitly,1,1,2
explode,2,3,5
explodes,1,1,2
exploding,3,1,4
exploitation,1,0,1
exploited,2,0,2
exploiting,2,0,2
explore,1,0,1
explosive,1,0,1
explosives,2,0,2
expo,1,0,1
exponential,1,0,1
exponentially,1,0,1
expos,1,0,1
expose,3,5,8
exposed,12,7,19
exposer,0,1,1
exposes,5,1,6
exposing,3,1,4
exposure,1,1,2
expound,1,0,1
express,9,0,9
expressed,1,1,2
expressing,1,3,4
expression,1,0,1
expressions,1,2,3
expressly,1,0,1
expunged,1,0,1
exressing,1,0,1
extends,2,0,2
extension,3,2,5
extensive,2,0,2
extent,4,2,6
exterminate,0,1,1
exterminated,2,1,3
extinct,1,0,1
extortion,1,0,1
extra,8,4,12
extrajudicial,0,1,1
extraordinaire,1,0,1
extraordinarily,2,0,2
extraordinary,1,0,1
extrapolate,0,1,1
extravagant,1,0,1
extreme,11,3,14
extremely,4,7,11
extremes,1,0,1
extremism,2,1,3
extremist,2,0,2
extremistische,1,0,1
extremists,3,2,5
eye,11,7,18
eyebrow,0,1,1
eyebrows,1,0,1
eyed,1,2,3
eyes,12,13,25
ezra,0,1,1
fabric,4,1,5
fabricate,1,0,1
fabricated,0,1,1
fabricates,1,0,1
fabricating,1,0,1
fabrication,1,0,1
fabulous,7,0,7
facade,0,1,1
face,37,31,68
facebook,14,0,14
faced,6,2,8
faceless,1,0,1
facelifted,0,1,1
faces,6,4,10
facetious,0,1,1
facets,1,0,1
facial,0,2,2
facilitated,0,1,1
facilitating,1,0,1
facility,1,0,1
facing,2,2,4
facism,1,2,3
facist,1,4,5
facking,1,0,1
facsicm,1,0,1
facsists,0,1,1
fact,69,30,99
faction,1,1,2
factions,1,0,1
facto,1,0,1
factor,5,2,7
factory,4,2,6
facts,46,23,69
factual,2,1,3
factually,1,0,1
fad,2,0,2
fade,1,1,2
fae,0,1,1
faerie,0,1,1
faggot,0,1,1
fahim,1,0,1
fahrenheit,1,0,1
fail,11,7,18
failed,14,9,23
failing,5,4,9
failings,1,0,1
fails,2,2,4
failure,14,12,26
failures,1,0,1
faints,1,0,1
fair,15,7,22
fairfield,1,0,1
fairly,1,1,2
fairness,1,2,3
fairways,0,1,1
fairy,1,0,1
faith,13,1,14
faithful,2,0,2
faithfully,1,0,1
faiths,1,0,1
fake,51,67,118
faked,0,3,3
fakeness,0,1,1
fakenews,0,1,1
fakes,1,2,3
faking,0,1,1
fakir,0,1,1
fall,21,12,33
fallacy,1,0,1
fallen,1,0,1
falling,8,3,11
fallon,0,1,1
fallout,2,0,2
falls,3,0,3
false,34,23,57
falsehood,1,2,3
falsehoods,1,1,2
falsely,0,3,3
falsified,0,1,1
falsifying,1,0,1
falwell,1,0,1
fam,4,3,7
fame,4,2,6
famer,1,0,1
familerize,1,0,1
familes,0,1,1
familiar,3,2,5
families,16,4,20
family,54,28,82
famous,5,4,9
famously,2,0,2
fan,31,11,42
fanatics,2,0,2
fanbase,1,1,2
fanboy,1,1,2
fanboys,1,0,1
fancams,1,0,1
fancies,1,0,1
fancy,2,2,4
fandom,1,0,1
fangirls,1,0,1
fannie,1,0,1
fans,16,13,29
fantasia,1,0,1
fantasies,0,1,1
fantasize,0,1,1
fantasizes,1,0,1
fantastic,9,3,12
fantasy,3,1,4
far,77,48,125
farakans,0,1,1
farce,1,1,2
farewell,1,0,1
farm,1,2,3
farmer,1,0,1
farmers,2,1,3
farms,1,1,2
farrakahn,0,1,1
farrakhan,2,6,8
fart,1,2,3
fartacus,1,0,1
farther,1,0,1
farwell,0,1,1
fascinating,1,0,1
fascism,22,6,28
fascist,11,40,51
fascists,15,16,31
fash,3,1,4
fashion,2,2,4
fashionable,0,1,1
fashioned,1,1,2
fashions,1,0,1
fashy,1,1,2
faso,1,0,1
fast,22,13,35
faster,1,0,1
fastest,0,2,2
fasting,1,0,1
fat,7,22,29
fatal,1,0,1
fatally,0,2,2
fate,0,1,1
fates,2,0,2
father,24,12,36
fathers,1,1,2
fatties,0,1,1
fatty,0,1,1
fault,15,18,33
faulted,0,1,1
faults,3,0,3
faulty,0,1,1
faux,2,3,5
fav,2,0,2
fave,2,0,2
favor,16,7,23
favorability,1,0,1
favorably,1,0,1
favored,1,0,1
favorite,23,6,29
favorites,1,1,2
favoritism,1,0,1
favors,2,0,2
favour,1,0,1
favourite,3,2,5
favourites,1,0,1
favours,1,0,1
favs,1,0,1
fawning,0,2,2
fawningly,0,1,1
fb,8,2,10
fbi,36,17,53
fbs,0,1,1
fcb,1,0,1
fcc,1,0,1
fck,0,1,1
fcp,1,0,1
fds,1,0,1
fear,31,10,41
feared,2,0,2
fearful,0,1,1
fearing,0,1,1
fearless,0,1,1
fears,2,2,4
feast,1,0,1
feasts,1,0,1
featured,2,0,2
feb,1,0,1
february,2,1,3
fec,1,0,1
fecal,0,1,1
feckers,0,1,1
feckin,1,0,1
fecking,0,1,1
feckless,1,0,1
fed,3,6,9
federal,25,7,32
federalist,1,0,1
federalists,1,0,1
federally,2,0,2
federer,0,1,1
feds,1,0,1
feeble,0,1,1
feed,7,7,14
feedback,3,1,4
feeder,0,1,1
feeders,0,1,1
feeding,2,2,4
feeds,3,1,4
feel,68,42,110
feeling,24,10,34
feelings,10,5,15
feels,9,4,13
feelwings,1,0,1
fees,3,2,5
feet,4,6,10
feh,1,0,1
feign,0,1,1
feinstein,28,8,36
feinstinkle,0,1,1
felarca,1,0,1
felicia,0,1,1
fell,3,2,5
fella,2,0,2
fellas,1,0,1
fellow,12,4,16
felon,1,1,2
felons,1,4,5
felony,2,1,3
felt,9,6,15
fema,1,3,4
female,16,11,27
females,3,0,3
femanazis,0,1,1
feminazi,0,1,1
feminazis,1,1,2
feminism,3,1,4
feminist,5,7,12
feminists,5,2,7
feminizing,1,0,1
fence,1,1,2
fend,1,3,4
fenstine,1,0,1
fer,0,1,1
ferengi,1,0,1
ferguson,2,1,3
ferrari,0,1,1
ferries,1,0,1
fervent,1,0,1
fessy,1,0,1
fest,1,0,1
festival,1,0,1
fetus,2,0,2
fever,1,0,1
feverishly,1,0,1
few,43,17,60
fewer,2,1,3
ff,0,1,1
ffl,3,1,4
ffs,4,3,7
fi,1,0,1
fiasco,1,0,1
fiber,1,0,1
fiberals,0,1,1
fibers,1,0,1
fic,0,1,1
fiction,1,1,2
fictional,2,0,2
fiddle,1,0,1
fiddles,1,0,1
fide,1,0,1
field,11,5,16
fielding,0,1,1
fields,1,0,1
fienstine,0,1,1
fierce,2,1,3
fieri,1,0,1
fifteen,1,0,1
fifth,2,1,3
fifty,1,0,1
fig,2,1,3
fight,39,31,70
fighter,3,1,4
fighters,2,0,2
fighting,35,10,45
fights,2,0,2
figjt,1,0,1
figure,11,9,20
figured,7,1,8
figurehead,1,0,1
figureheads,1,0,1
figures,6,5,11
fiiiiiine,1,0,1
file,1,1,2
filed,2,1,3
filibuster,1,0,1
filing,1,0,1
fill,9,4,13
filled,6,7,13
fillers,1,0,1
fillin,1,0,1
filling,1,0,1
film,8,1,9
films,2,1,3
filter,1,0,1
filth,3,1,4
filthy,0,4,4
final,9,3,12
finally,19,14,33
finance,0,1,1
financed,1,1,2
finances,1,1,2
financial,9,1,10
financials,1,1,2
financier,1,0,1
find,61,29,90
finding,5,4,9
finds,4,2,6
fine,41,20,61
fined,3,3,6
finesse,1,0,1
finest,7,2,9
finestine,0,1,1
finger,5,2,7
fingering,1,0,1
fingerprints,1,0,1
fingers,4,0,4
fingertips,0,1,1
finish,5,2,7
finished,6,2,8
finishers,1,0,1
finishing,2,0,2
fink,0,1,1
finna,0,1,1
finnish,1,0,1
fiona,3,0,3
fire,19,16,35
firearm,4,2,6
firearms,14,5,19
fireball,0,1,1
firebombing,0,1,1
fired,9,12,21
fires,1,0,1
firing,0,1,1
firm,2,2,4
firmly,2,0,2
firs,0,1,1
first,112,53,165
fisa,6,3,9
fiscal,5,0,5
fiscally,1,0,1
fish,3,1,4
fisher,1,0,1
fisheries,0,1,1
fishermen,0,1,1
fishery,1,0,1
fishing,2,0,2
fishy,1,0,1
fist,2,2,4
fit,11,12,23
fits,5,3,8
fitted,0,1,1
fittest,2,0,2
fitting,0,1,1
fitton,1,0,1
fitzmagic,1,0,1
fitztragic,1,0,1
five,7,1,8
fix,18,11,29
fixated,1,0,1
fixed,3,2,5
fixes,1,0,1
fixing,3,1,4
fixolas,1,0,1
fjshdhjs,0,1,1
fk,1,1,2
fkat,1,0,1
fkn,0,1,1
fl,4,2,6
flabby,0,1,1
flag,24,6,30
flags,5,3,8
flake,12,9,21
flakes,1,0,1
flakey,1,1,2
flaking,1,0,1
flaky,0,1,1
flame,0,1,1
flames,1,2,3
flaming,0,1,1
flanking,0,1,1
flannel,1,0,1
flare,1,0,1
flash,2,0,2
flashes,0,1,1
flashing,0,2,2
flat,2,2,4
flats,1,0,1
flattering,1,0,1
flaunts,1,0,1
flavor,1,0,1
flavored,1,0,1
flawed,2,2,4
flawless,1,0,1
flawlessly,1,0,1
flaws,2,1,3
fleas,0,1,1
fled,0,1,1
flee,1,0,1
fleece,2,0,2
fleeing,1,0,1
fleeted,0,1,1
flesh,1,1,2
flick,2,2,4
flier,2,0,2
flies,1,1,2
flight,1,0,1
flights,1,0,1
flint,0,1,1
flip,4,2,6
flippant,1,0,1
flirting,1,1,2
flirty,1,0,1
flo,1,0,1
float,2,0,2
floatin,0,1,1
floats,1,0,1
flock,0,1,1
flood,3,0,3
flooded,0,1,1
flooding,1,0,1
floodwaters,1,0,1
floor,11,2,13
flopped,1,0,1
flopping,1,0,1
florence,5,4,9
florida,7,2,9
floris,0,1,1
floss,0,1,1
flotus,1,1,2
flourishing,2,0,2
flow,2,0,2
flowers,2,1,3
fluctuat,1,0,1
fluffer,1,0,1
fluffing,1,0,1
fluffs,0,1,1
fluffy,1,1,2
fluid,1,0,1
fluked,1,0,1
flunkie,1,0,1
flush,1,2,3
flushes,0,1,1
flushing,0,1,1
flustered,1,0,1
flutie,1,0,1
fly,4,1,5
flying,2,1,3
flynn,1,1,2
fm,3,0,3
fn,1,0,1
focus,16,3,19
focused,12,1,13
focuses,1,0,1
focusing,3,2,5
fodder,0,1,1
foe,1,0,1
foh,0,1,1
fold,0,2,2
folded,1,0,1
folding,1,0,1
folds,1,0,1
folk,1,3,4
folks,13,18,31
follback,1,0,1
follow,91,26,117
followed,28,6,34
follower,5,2,7
followers,21,7,28
following,45,10,55
follows,5,1,6
follw,1,0,1
folly,1,1,2
fond,0,1,1
fonda,1,3,4
fonding,1,0,1
fondly,0,1,1
food,16,3,19
foodie,0,1,1
foodnetwork,1,0,1
foods,1,0,1
fool,11,31,42
fooled,1,3,4
foolhardy,1,0,1
fooling,2,1,3
foolish,5,2,7
foolishly,0,1,1
foolishness,0,1,1
fooln,0,1,1
fools,2,12,14
foot,8,5,13
footage,2,0,2
football,25,9,34
footing,0,1,1
footsteps,1,2,3
footy,1,0,1
for,1645,849,2494
forbid,5,2,7
force,17,5,22
forced,3,7,10
forces,4,4,8
forcing,3,3,6
forclosure,1,0,1
ford,48,24,72
fordfestnd,1,0,1
fords,2,1,3
foreclosure,1,0,1
forefathers,1,1,2
forehead,1,1,2
foreign,6,6,12
foremost,1,0,1
forensics,1,0,1
forerunner,1,0,1
foreseeable,1,0,1
foresight,0,2,2
forest,1,0,1
forevaaaaaaaaaaa,1,0,1
forever,10,7,17
forget,29,21,50
forgetting,3,2,5
forging,0,1,1
forgive,3,2,5
forgiven,1,0,1
forgiveness,5,0,5
forgiving,0,1,1
forgivingness,1,0,1
forgot,9,9,18
forgotten,9,3,12
foriegn,1,0,1
form,13,15,28
formal,1,0,1
formally,0,1,1
format,1,1,2
formations,1,0,1
formed,4,1,5
former,13,8,21
formerly,2,0,2
forms,1,0,1
formula,1,0,1
fornicate,0,1,1
forosity,0,1,1
forsaken,0,1,1
fort,1,3,4
forth,3,0,3
fortitude,1,2,3
fortnite,2,2,4
fortunate,1,2,3
fortunately,0,1,1
fortune,3,0,3
fortunes,0,1,1
forum,1,0,1
forward,39,10,49
forwarded,1,0,1
forword,1,0,1
fossil,2,0,2
foster,3,0,3
fostered,1,0,1
fosters,1,0,1
fought,6,2,8
foul,0,4,4
foulmouthed,0,1,1
found,32,19,51
foundation,1,0,1
founder,2,0,2
founders,1,1,2
founding,2,1,3
four,6,3,9
foward,0,1,1
fox,14,9,23
foxy,0,1,1
fps,1,0,1
fr,1,2,3
fraction,3,2,5
fragile,1,0,1
fragmenting,1,0,1
frame,3,0,3
framers,1,0,1
framework,0,1,1
framing,1,1,2
france,4,1,5
franchise,5,1,6
franchises,1,0,1
francis,2,3,5
francisco,1,0,1
francoism,0,1,1
frank,1,0,1
franken,3,1,4
frankie,1,0,1
franklin,1,0,1
frankly,3,2,5
frat,1,0,1
fraud,9,20,29
frauds,3,2,5
fraudulent,0,3,3
fray,1,0,1
freak,2,3,5
freakazoids,1,0,1
freaked,1,1,2
freakin,0,2,2
freaking,9,9,18
freaks,2,2,4
freckles,1,0,1
fred,4,0,4
freddie,2,0,2
fredo,1,0,1
free,77,39,116
freed,1,0,1
freedom,23,7,30
freedoms,7,3,10
freeing,1,0,1
freely,1,1,2
freeze,1,1,2
fremino,1,0,1
french,3,2,5
frend,1,0,1
frenkenstien,0,1,1
frenzy,0,1,1
frequencies,1,0,1
frequency,1,0,1
frequent,2,1,3
frequently,2,0,2
frere,1,0,1
fresh,4,2,6
freshest,1,0,1
freshman,0,1,1
freshmen,1,1,2
freudian,1,0,1
frfr,0,1,1
frickin,1,0,1
fricking,0,2,2
frida,1,0,1
friday,5,2,7
fridge,0,1,1
friend,42,12,54
friended,1,0,1
friendly,5,0,5
friends,33,17,50
friendship,3,0,3
friggen,0,2,2
frightened,2,1,3
frightening,1,1,2
frightens,1,0,1
frigid,1,0,1
friken,0,1,1
fringe,3,3,6
fringes,0,1,1
frisk,2,0,2
frm,1,0,1
frog,1,0,1
frogs,1,1,2
from,486,268,754
front,18,2,20
frontin,1,0,1
frontline,1,1,2
frost,1,0,1
frosting,1,0,1
frosty,1,0,1
frothing,0,1,1
frowned,1,0,1
frozen,0,1,1
fruit,1,0,1
fruitcake,0,1,1
fruitcakes,1,0,1
fruitful,0,1,1
fruition,2,0,2
fruits,1,1,2
frump,1,0,1
frustrated,2,0,2
frustrating,1,0,1
frustration,1,2,3
fry,2,1,3
fsu,0,2,2
ft,3,0,3
fu,3,1,4
fubar,0,2,2
fuck,13,169,182
fuckass,0,1,1
fuckbucket,0,1,1
fucked,3,28,31
fucken,0,5,5
fucker,0,6,6
fuckers,0,2,2
fuckidng,0,1,1
fuckig,0,1,1
fuckin,4,11,15
fucking,18,128,146
fuckingclass,0,1,1
fuckinggg,0,1,1
fuckingndbs,0,1,1
fuckkk,0,1,1
fuckoff,0,1,1
fucks,0,4,4
fucktards,0,1,1
fuckwits,0,1,1
fuddy,1,0,1
fudge,1,1,2
fudging,1,0,1
fuel,1,1,2
fueled,1,0,1
fueling,0,1,1
fuels,1,0,1
fugitive,1,0,1
fuk,0,1,1
fuken,0,1,1
fukin,1,1,2
fukn,0,1,1
fukushima,1,0,1
fulk,1,0,1
full,30,39,69
fullest,0,2,2
fully,12,8,20
fumes,2,0,2
fun,29,18,47
function,2,0,2
functionality,2,0,2
functioning,1,0,1
fund,16,11,27
fundamental,1,0,1
fundamentalists,1,0,1
fundamentally,1,1,2
funded,9,7,16
fundedbynyandhollywoodleftistsbutpretendingtobeatexan,1,0,1
funding,20,5,25
fundraises,1,0,1
fundraising,3,0,3
funds,8,5,13
funeral,2,1,3
funk,1,0,1
funner,1,0,1
funnier,1,1,2
funniest,1,1,2
funny,87,40,127
funnyhejs,0,1,1
fur,0,1,1
furious,11,8,19
furnish,1,0,1
furniture,0,1,1
furries,0,1,1
further,14,8,22
furthers,2,2,4
fusion,5,1,6
fuss,1,1,2
fussing,1,0,1
futanary,1,0,1
future,30,9,39
fuuckkkk,0,1,1
fuuun,0,1,1
fvkk,0,1,1
fwd,1,0,1
fwy,2,0,2
fyi,4,1,5
ga,1,1,2
gabbert,1,0,1
gabby,2,0,2
gabole,1,0,1
gabriel,1,0,1
gadarenes,0,1,1
gaddafi,1,0,1
gaelic,1,0,1
gaf,1,0,1
gaff,1,1,2
gag,3,2,5
gaga,0,1,1
gail,0,1,1
gain,8,6,14
gained,2,1,3
gainful,1,0,1
gaining,3,1,4
gains,2,0,2
gal,3,2,5
galaxies,1,0,1
gale,0,1,1
gallery,2,1,3
gallivanting,0,1,1
gallons,2,0,2
gallup,1,0,1
galpal,1,0,1
gamble,1,0,1
gambled,0,1,1
game,74,28,102
gamecocks,1,0,1
gameday,1,0,1
gameplan,1,0,1
games,23,9,32
gamestop,1,0,1
gaming,1,0,1
gang,9,8,17
gangs,3,1,4
gangsta,0,1,1
gap,3,0,3
gaps,1,0,1
garak,1,0,1
garbage,4,20,24
garden,2,0,2
gardening,1,0,1
gardens,1,0,1
garland,2,2,4
garlands,1,0,1
garner,1,0,1
garrett,1,0,1
garth,2,0,2
gary,0,1,1
gas,7,2,9
gases,0,1,1
gaslighting,0,2,2
gasps,1,0,1
gassed,1,1,2
gasses,0,1,1
gate,1,0,1
gated,1,1,2
gates,3,0,3
gateway,2,0,2
gather,2,0,2
gathering,2,1,3
gatlin,0,1,1
gator,1,0,1
gauge,4,2,6
gauteng,1,0,1
gave,23,15,38
gavel,1,0,1
gavin,1,1,2
gawd,1,2,3
gawdfather,1,0,1
gay,10,16,26
gayer,0,1,1
gays,1,1,2
gaza,1,0,1
gaze,1,0,1
gazelle,1,0,1
gb,1,0,1
gd,1,1,2
gdp,2,2,4
ge,3,1,4
gear,4,0,4
geaux,1,0,1
gee,4,1,5
geeezz,1,0,1
geeezzz,0,1,1
geeta,0,1,1
geetha,1,0,1
geez,4,0,4
gem,1,1,2
gemini,2,0,2
gems,0,1,1
gen,2,2,4
gender,9,3,12
genderless,1,0,1
genders,2,1,3
general,24,6,30
generalised,1,0,1
generalizations,0,1,1
generalize,1,0,1
generally,7,2,9
generate,1,1,2
generated,1,0,1
generating,1,0,1
generation,5,3,8
generationally,1,0,1
generations,2,3,5
generators,1,0,1
generic,1,0,1
generous,4,0,4
genes,2,0,2
genetic,1,0,1
genitalia,0,2,2
genius,9,3,12
genl,1,0,1
geno,0,1,1
genocide,4,1,5
genre,2,0,2
gentle,1,0,1
gentleman,2,0,2
gentlewoman,1,0,1
gently,1,0,1
genuine,3,1,4
genuinely,3,2,5
geoff,1,0,1
geologically,1,0,1
geometry,1,0,1
geonicidal,1,0,1
george,8,7,15
georgia,6,1,7
german,7,1,8
germanistan,0,1,1
germans,1,1,2
germany,5,2,7
germs,0,1,1
gerrymandered,1,0,1
gerrymandering,1,1,2
gestapo,0,1,1
gesture,2,4,6
gestures,3,0,3
get,414,249,663
getaway,1,0,1
geter,0,1,1
gets,52,30,82
gettimg,0,1,1
getting,105,58,163
gettting,1,0,1
getup,1,0,1
gf,1,1,2
gfy,2,1,3
ggg,1,0,1
gggrrr,0,1,1
ghana,1,0,1
ghetto,1,1,2
ghettos,0,1,1
gi,2,0,2
giant,1,1,2
giants,6,0,6
gibraltar,1,0,1
gibson,1,0,1
gif,4,1,5
giffords,2,0,2
gifs,1,0,1
gift,4,3,7
gifted,0,1,1
gifts,1,0,1
gig,1,0,1
gigantic,1,0,1
giggle,1,0,1
gilbert,1,0,1
giles,0,1,1
gilliam,0,1,1
gillibrand,0,1,1
gillum,1,0,1
gilmer,1,0,1
gilmour,0,1,1
gimme,1,0,1
gimmie,0,1,1
ginger,1,0,1
gingers,1,0,1
ginning,0,1,1
ginsberg,1,0,1
ginsburg,3,0,3
ginseng,1,0,1
girl,55,32,87
girlfriend,6,1,7
girlfriends,2,1,3
girls,16,7,23
gita,0,2,2
gitmo,5,4,9
give,110,64,174
giveaway,1,0,1
given,28,7,35
giver,1,0,1
gives,14,10,24
giving,31,11,42
giys,1,0,1
glad,45,17,62
gladly,0,2,2
glammed,1,0,1
glance,1,1,2
glands,0,1,1
glare,1,0,1
glaring,0,1,1
glasgow,1,0,1
glass,3,0,3
glasses,0,2,2
glbl,2,0,2
glc,1,0,1
gleefully,1,0,1
glenn,1,0,1
gliding,1,0,1
glimpse,1,0,1
glitchy,1,0,1
gloating,0,1,1
global,10,3,13
globalism,1,0,1
globalist,3,6,9
globalists,1,1,2
globalization,1,0,1
globe,1,0,1
glock,0,1,1
gloom,1,0,1
glorify,1,0,1
glorious,3,1,4
gloriously,1,0,1
glorita,1,0,1
glory,0,1,1
gloss,0,1,1
glove,1,0,1
gloves,1,1,2
gluten,1,0,1
glutton,1,0,1
gm,1,1,2
gmail,1,0,1
gmother,1,0,1
gnc,1,0,1
go,222,169,391
goal,11,8,19
goalkeeping,0,1,1
goalposts,1,0,1
goals,6,1,7
goat,3,3,6
goblin,1,0,1
god,124,70,194
godamn,1,0,1
goddamn,2,1,3
goddess,5,2,7
godless,2,2,4
gods,1,3,4
godsend,1,1,2
goedert,1,0,1
goers,3,2,5
goes,38,20,58
goff,0,2,2
gofundme,0,1,1
goggle,1,0,1
going,219,141,360
goings,1,0,1
goku,1,0,1
golan,0,1,1
gold,11,2,13
golden,3,1,4
golding,1,1,2
goldsmith,0,1,1
goldwater,1,0,1
goldy,0,1,1
golf,3,2,5
golfing,1,1,2
golly,1,0,1
gon,0,1,1
gone,35,14,49
gonna,39,34,73
gonzalez,0,1,1
goo,2,1,3
goober,1,0,1
good,310,152,462
goodby,0,1,1
goodbye,3,0,3
goodell,4,5,9
goodest,0,1,1
goodluck,1,0,1
goodmorning,1,0,1
goodness,6,1,7
goods,1,0,1
goodtimes,1,0,1
goodwin,0,1,1
goofball,0,1,1
goofy,2,0,2
google,22,6,28
googlecide,0,1,1
googled,1,0,1
googlers,1,0,1
googlesplaining,0,1,1
gooing,1,0,1
goolag,1,0,1
goonies,0,1,1
goons,2,2,4
gooo,1,0,1
gooooooooooood,1,0,1
goose,0,2,2
gop,44,40,84
goper,0,1,1
gopers,1,0,1
gor,0,1,1
gordon,4,5,9
gore,0,3,3
gorgeous,15,2,17
gorl,1,0,1
gorsuch,0,1,1
gosh,3,2,5
gospel,0,1,1
gossip,1,0,1
got,124,69,193
gotcha,2,1,3
goth,1,0,1
gotta,8,12,20
gotten,9,2,11
gotti,1,0,1
gouging,1,0,1
gov,14,8,22
goverment,1,2,3
govern,3,1,4
governance,1,0,1
governing,4,0,4
government,87,46,133
governmental,1,1,2
governments,5,2,7
governor,9,2,11
govoner,0,1,1
govt,11,6,17
govts,1,0,1
gps,1,1,2
gpsent,1,0,1
graaawrl,0,1,1
grab,5,11,16
grabbed,2,2,4
grabber,0,2,2
grabbers,1,1,2
grabbing,1,3,4
grace,7,0,7
graced,0,1,1
graces,1,1,2
gracious,0,1,1
grade,8,2,10
grader,0,3,3
grades,0,1,1
graduated,2,0,2
graf,1,0,1
graffiti,0,1,1
graham,5,2,7
grahn,1,0,1
gram,1,0,1
grammar,2,1,3
grand,3,3,6
granddaughters,1,0,1
grande,1,0,1
grandfather,2,1,3
grandkids,1,0,1
grandma,3,0,3
grandmaster,1,0,1
grandmom,1,0,1
grandmother,1,1,2
grandpa,1,0,1
grandparents,1,0,1
grandstanding,1,1,2
grandstands,0,1,1
grannies,1,2,3
granny,2,1,3
grant,0,2,2
granted,4,0,4
granth,0,1,1
granular,1,0,1
grape,1,0,1
grapes,1,0,1
graph,4,0,4
graphic,2,0,2
graphics,1,0,1
grapple,0,1,1
grasp,3,2,5
grasping,2,1,3
grass,1,0,1
grassley,3,0,3
grata,1,0,1
grateful,5,2,7
gratitude,1,0,1
grave,2,2,4
gravely,1,0,1
graves,1,1,2
gravitational,1,0,1
gravity,1,0,1
gravy,0,1,1
gray,2,0,2
grd,1,0,1
greasy,0,2,2
great,167,64,231
greater,3,1,4
greatest,17,4,21
greatfull,2,0,2
greatly,1,1,2
greatness,1,1,2
greats,1,1,2
greece,2,0,2
greed,2,1,3
greedy,1,3,4
greek,2,0,2
green,7,1,8
greenhouse,0,1,1
greenie,0,1,1
greening,1,0,1
greenish,0,1,1
greens,2,0,2
greenville,1,0,1
greeting,2,0,2
greg,3,0,3
gregg,1,1,2
grenell,1,0,1
grest,1,0,1
grew,6,4,10
grey,2,0,2
grid,0,1,1
grief,7,2,9
grieve,2,0,2
grieving,4,2,6
griexsevia,1,0,1
griffin,0,1,1
grift,1,0,1
gril,1,0,1
grill,1,0,1
grim,0,1,1
grind,3,0,3
grinding,1,0,1
grins,0,1,1
grip,4,2,6
gripe,1,0,1
grips,0,1,1
gritting,1,0,1
grocery,2,1,3
groggy,0,1,1
grok,4,1,5
groomed,1,0,1
groomng,1,0,1
grop,0,1,1
groped,2,3,5
groper,1,1,2
gropers,1,0,1
groping,3,2,5
gropy,0,1,1
gross,1,5,6
grossly,2,0,2
grotesquely,0,1,1
ground,19,6,25
groundbreaking,1,0,1
grounded,1,0,1
grounds,2,1,3
group,60,27,87
groups,22,19,41
groupthink,1,0,1
groveled,0,1,1
grover,2,0,2
grow,11,6,17
growing,10,3,13
grown,9,6,15
grows,6,0,6
growth,11,4,15
grubbing,0,1,1
gruber,1,1,2
grudge,0,1,1
grumpy,1,0,1
grunts,1,0,1
gt,43,18,61
gtfo,0,2,2
gtmo,0,1,1
guarantee,5,1,6
guaranteed,1,0,1
guarantied,2,0,2
guard,11,1,12
guarding,0,1,1
guards,2,0,2
guenther,1,0,1
guess,58,27,85
guessed,1,0,1
guesses,0,1,1
guessing,5,1,6
guest,4,0,4
guests,0,2,2
guidance,0,1,1
guide,1,1,2
guided,0,3,3
guillotines,0,1,1
guilt,5,1,6
guilty,39,26,65
guite,1,0,1
gullibility,1,0,1
gullible,4,4,8
gullibles,0,1,1
gum,1,1,2
gun,869,507,1376
guna,1,0,1
gunbroker,2,0,2
gunfire,1,0,1
gungrabber,0,1,1
gunman,1,0,1
gunna,1,2,3
gunned,1,2,3
gunny,1,0,1
gunplay,1,0,1
gunrights,0,1,1
guns,96,58,154
gunshot,1,0,1
gunsights,1,0,1
gunslinger,2,0,2
gupta,1,0,1
gut,3,0,3
guterriz,0,1,1
guti,1,0,1
gutierrez,5,5,10
gutierries,0,1,1
gutless,1,2,3
gutno,1,0,1
guts,2,3,5
guttenberg,1,0,1
guttenburg,2,0,2
gutter,2,0,2
guy,84,68,152
guys,45,20,65
guyyyy,1,0,1
gvt,0,1,1
gweek,1,0,1
gym,2,0,2
gynecology,1,0,1
gypsies,1,0,1
gypsy,0,1,1
gz,0,1,1
ha,11,7,18
haa,0,1,1
haaaaaa,0,1,1
habits,1,1,2
habitual,1,0,1
habs,0,1,1
hack,3,5,8
hacked,1,2,3
hackers,2,1,3
hackett,1,0,1
hacks,2,2,4
had,195,91,286
hadn,2,1,3
hadwin,1,0,1
hag,2,0,2
hags,1,0,1
hah,2,1,3
haha,14,11,25
hahah,3,0,3
hahaha,5,6,11
hahahah,1,2,3
hahahaha,4,1,5
hahahahaha,1,2,3
hahahahahaha,0,1,1
hahahahahahahaha,0,1,1
hahahahahha,0,1,1
hai,6,0,6
haidt,1,0,1
hail,2,0,2
hailed,1,0,1
hair,13,5,18
haircolors,1,0,1
haiti,2,1,3
haitian,2,0,2
hale,1,0,1
haleigh,2,0,2
haley,4,0,4
half,24,19,43
halifax,1,0,1
hall,2,4,6
hallmark,1,1,2
hallo,1,1,2
halloween,1,0,1
halper,0,1,1
halt,0,1,1
haltbarer,1,0,1
ham,4,0,4
hamas,1,0,1
hamburger,1,0,1
hamilton,1,0,1
hammer,3,3,6
hammered,1,0,1
hampden,1,0,1
hamstrung,0,1,1
han,0,1,1
hana,1,0,1
hand,23,22,45
handbook,3,1,4
handcuffs,0,1,1
handed,3,3,6
handguns,3,1,4
handicap,1,0,1
handicapped,1,0,1
handing,2,1,3
handiwork,1,0,1
handle,11,8,19
handled,4,2,6
handlers,0,1,1
handles,1,0,1
handling,4,3,7
handout,2,0,2
handouts,2,1,3
hands,19,13,32
handshake,1,0,1
handsome,8,0,8
hang,11,7,18
hanged,1,0,1
hangers,1,0,1
hangin,0,1,1
hanging,1,2,3
hangry,1,0,1
hangs,3,0,3
hank,0,1,1
hanna,1,0,1
hannah,1,0,1
hannity,4,3,7
hans,0,1,1
hap,1,0,1
happen,41,23,64
happened,30,28,58
happenin,1,0,1
happening,16,10,26
happens,22,12,34
happier,1,0,1
happiest,2,0,2
happily,1,1,2
happiness,4,0,4
happpen,1,0,1
happy,72,14,86
happyhappy,1,0,1
har,1,0,1
harambe,1,0,1
harass,0,1,1
harassed,2,2,4
harassing,1,1,2
harassment,5,5,10
harboring,2,0,2
hard,75,32,107
hardball,0,1,1
hardcore,2,4,6
harden,0,2,2
hardened,1,0,1
hardening,1,0,1
harder,8,2,10
hardly,4,3,7
hardships,1,0,1
hardwallet,1,0,1
hardwell,1,0,1
hardy,2,1,3
hared,1,0,1
harf,1,0,1
harley,2,0,2
harm,8,3,11
harmed,3,1,4
harmful,1,0,1
harmless,0,1,1
harms,0,2,2
harp,1,0,1
harper,6,0,6
harpers,1,0,1
harrasses,0,1,1
harris,12,3,15
harrison,2,0,2
harrowing,0,1,1
harry,7,0,7
harsh,3,0,3
harshest,1,0,1
hart,1,0,1
harvard,1,0,1
harvey,2,1,3
harwood,0,1,1
has,474,278,752
hasenpfeffer,0,1,1
hash,1,0,1
hashana,1,0,1
hashtag,1,0,1
hasn,12,1,13
hasnt,2,0,2
hassert,1,0,1
hasten,0,1,1
hasty,0,1,1
hat,14,11,25
hatch,4,2,6
hatched,1,0,1
hate,88,98,186
hated,3,7,10
hateful,9,13,22
hatefulness,0,1,1
hater,7,1,8
haters,11,6,17
haterz,0,1,1
hates,5,12,17
hating,5,4,9
hatred,10,14,24
hats,10,5,15
hatteras,1,0,1
hatters,1,0,1
haul,0,1,1
hauled,0,1,1
haunted,1,0,1
hav,0,1,1
havana,0,1,1
have,969,522,1491
haven,10,3,13
havens,2,0,2
havent,2,1,3
havevut,1,0,1
havin,1,1,2
having,69,28,97
havoc,2,0,2
haw,2,1,3
hawaii,1,1,2
hawd,2,0,2
hawks,1,0,1
hayes,0,1,1
hayley,1,0,1
hazard,2,0,2
hazel,0,1,1
hazy,1,0,1
hb,1,0,1
hc,0,1,1
he,1984,1141,3125
head,34,33,67
headed,6,3,9
headgear,0,1,1
heading,5,1,6
headline,3,2,5
headlined,1,0,1
headlines,4,0,4
heads,10,11,21
healed,1,0,1
healer,0,1,1
healing,0,2,2
heals,1,0,1
health,29,15,44
healthcare,11,9,20
healthy,11,4,15
hear,42,28,70
heard,51,14,65
hearing,24,15,39
hearings,9,6,15
hears,1,2,3
hearsay,1,0,1
heart,28,11,39
heartache,1,0,1
heartbeat,2,1,3
heartbreaking,2,0,2
heartbroken,1,0,1
hearted,2,2,4
heartedly,1,0,1
heartless,1,1,2
hearts,5,1,6
heartwarming,1,0,1
heat,2,1,3
heath,1,0,1
heathen,1,0,1
heather,1,0,1
heathers,1,0,1
heating,1,0,1
heats,0,1,1
heaven,6,1,7
heavenly,1,0,1
heavens,2,1,3
heavier,0,1,1
heavily,5,1,6
heavy,4,2,6
heck,6,4,10
hecking,1,0,1
heckling,1,0,1
hectares,1,0,1
hedge,1,0,1
hedgefunders,1,0,1
hedren,1,0,1
hedy,1,0,1
hee,3,0,3
heed,1,0,1
heel,1,0,1
hegemony,1,0,1
heh,1,0,1
hehe,3,0,3
heidi,1,0,1
heifer,0,1,1
height,3,2,5
heightened,0,1,1
heightens,1,0,1
heights,0,1,1
heil,1,1,2
heinous,1,0,1
heinz,0,1,1
heirloom,1,0,1
held,13,10,23
helen,0,1,1
hell,25,55,80
hella,1,0,1
hellboys,1,0,1
hello,12,1,13
hells,0,1,1
helm,1,0,1
helmet,1,1,2
helmets,1,0,1
help,116,61,177
helped,11,6,17
helpful,3,1,4
helping,21,10,31
helpless,1,1,2
helpmto,0,1,1
helps,4,0,4
helsinki,0,1,1
hence,5,0,5
henceforth,2,0,2
henderson,0,1,1
henny,0,1,1
henry,2,2,4
her,657,357,1014
herc,1,0,1
here,187,61,248
heritage,2,1,3
herman,0,1,1
hermann,0,1,1
hernandez,0,1,1
hero,18,5,23
heroes,3,0,3
heroic,1,1,2
heroics,0,1,1
heroin,1,0,1
heroineics,1,0,1
heros,0,1,1
herrera,1,0,1
herring,1,0,1
hers,0,2,2
herself,24,16,40
hes,3,7,10
hesitation,1,0,1
het,1,0,1
hetero,2,0,2
heughan,1,0,1
hewitt,1,0,1
hey,43,15,58
hfjdhd,1,0,1
hgtv,1,0,1
hhahahahahahaha,1,0,1
hi,17,3,20
hid,2,3,5
hidden,4,2,6
hide,11,9,20
hideous,1,1,2
hiders,1,0,1
hides,3,1,4
hiding,15,10,25
hierarchy,0,2,2
high,70,30,100
higher,17,9,26
highest,9,7,16
highlight,1,0,1
highlighting,2,0,2
highlights,0,1,1
highly,5,2,7
highschool,0,1,1
highway,0,1,1
hijack,0,1,1
hijacked,2,0,2
hijinx,0,1,1
hilarious,11,10,21
hilariously,1,1,2
hilary,1,2,3
hill,12,6,18
hillary,29,27,56
hillaryous,1,0,1
hillbillies,1,2,3
hillbilly,1,0,1
hilliary,0,1,1
hills,1,1,2
him,391,198,589
himself,30,33,63
hina,1,0,1
hind,2,1,3
hinder,0,1,1
hindi,1,0,1
hindol,1,0,1
hindu,1,1,2
hinduism,3,0,3
hinduphobia,0,1,1
hindus,1,2,3
hinges,1,0,1
hint,2,3,5
hinted,1,0,1
hints,2,0,2
hiphop,1,0,1
hippie,0,2,2
hips,1,0,1
hir,1,0,1
hire,5,2,7
hired,2,2,4
hires,1,1,2
hiring,5,1,6
hirono,1,0,1
his,475,324,799
hispanic,3,2,5
hispanics,3,4,7
hisself,1,0,1
historians,1,0,1
historic,1,0,1
historical,2,2,4
historically,4,1,5
history,43,27,70
histrionic,1,0,1
hit,30,31,61
hitch,1,0,1
hitlary,0,1,1
hitler,12,6,18
hitlers,0,1,1
hitman,0,1,1
hits,4,1,5
hitter,0,1,1
hitting,5,5,10
hiv,3,1,4
hiya,0,1,1
hizbollah,1,0,1
hjf,1,0,1
hm,2,0,2
hmg,1,0,1
hmm,10,1,11
hmmm,3,4,7
hmmmm,1,3,4
hmmmmm,1,0,1
hmp,1,0,1
hmu,0,1,1
hn,1,0,1
hnh,1,0,1
ho,5,1,6
hoard,1,0,1
hoarded,1,0,1
hoarding,1,0,1
hoax,1,3,4
hobag,0,1,1
hobbits,1,0,1
hobnob,1,0,1
hoc,3,0,3
hockey,1,1,2
hog,0,3,3
hogan,1,0,1
hogg,4,2,6
hogge,1,0,1
hoggy,1,0,1
hogwash,1,0,1
hokey,1,0,1
hol,0,2,2
hold,35,17,52
holder,23,26,49
holders,0,1,1
holding,13,12,25
holds,4,0,4
hole,6,11,17
holes,1,2,3
holiday,3,2,5
holier,2,0,2
holland,0,1,1
hollering,0,1,1
holliday,0,1,1
hollow,2,0,2
hollowing,1,0,1
holly,0,1,1
hollyweird,1,3,4
hollyweirdo,0,1,1
hollywood,19,9,28
holocaust,2,1,3
holster,0,2,2
holt,0,1,1
holton,1,0,1
holy,9,23,32
home,63,36,99
homeland,1,0,1
homeless,10,2,12
homelessness,1,0,1
homeowner,1,1,2
homer,0,2,2
homeruns,1,0,1
homes,8,3,11
hometown,2,1,3
homework,2,1,3
homicide,7,3,10
homicides,2,4,6
homie,0,1,1
homies,0,2,2
hominem,1,0,1
homophobes,0,1,1
homophobia,0,1,1
homophobic,1,1,2
homosexual,1,2,3
homosexuality,0,1,1
honest,18,8,26
honestly,14,13,27
honey,3,1,4
honked,0,1,1
honor,9,1,10
honorable,1,4,5
honorably,1,0,1
honored,3,0,3
honoring,2,0,2
honors,1,0,1
hoo,4,4,8
hooch,0,1,1
hood,2,6,8
hooded,0,1,1
hoodie,1,0,1
hoods,7,6,13
hook,4,3,7
hooked,0,1,1
hooker,1,0,1
hooking,1,0,1
hooks,0,1,1
hooligans,1,0,1
hooo,0,1,1
hooper,2,0,2
hooray,1,0,1
hoot,1,0,1
hope,162,56,218
hoped,4,0,4
hopeful,1,0,1
hopefully,21,11,32
hopelessly,0,1,1
hopes,3,0,3
hoping,8,7,15
hoppe,0,1,1
hopping,0,1,1
horde,1,0,1
horibble,0,1,1
horizon,1,0,1
hormone,1,0,1
hormones,0,1,1
horny,1,0,1
horrendous,4,1,5
horrendously,0,1,1
horrible,17,18,35
horribly,1,0,1
horrid,0,2,2
horrific,3,0,3
horrifically,0,1,1
horrifying,1,1,2
horror,1,0,1
horrorland,0,1,1
horrors,2,1,3
horse,6,2,8
horses,2,1,3
horseshit,3,0,3
horseshoe,1,0,1
horsey,1,0,1
horwath,0,2,2
hospital,5,5,10
hospitals,2,0,2
host,3,0,3
hostage,2,1,3
hostages,1,0,1
hostess,1,0,1
hostile,2,2,4
hosting,3,1,4
hosts,2,1,3
hot,18,14,32
hotbed,1,0,1
hotdogs,0,1,1
hotel,7,3,10
hotels,1,0,1
hotline,1,0,1
hotspot,1,0,1
hotter,1,0,1
hottest,1,1,2
hotties,0,1,1
hounds,1,0,1
hour,9,8,17
hourglass,0,1,1
hourly,0,1,1
hours,7,3,10
house,50,23,73
housebuilders,1,0,1
houseguest,0,1,1
houseguests,1,0,1
household,3,0,3
housemate,0,1,1
houses,4,1,5
housewife,1,0,1
housewives,1,0,1
housing,29,4,33
houston,2,0,2
how,470,291,761
howa,0,1,1
howard,1,0,1
however,21,4,25
howie,1,0,1
howitzer,0,1,1
howk,1,0,1
howls,1,0,1
hows,1,1,2
hplyk,0,1,1
hq,0,1,1
hr,2,0,2
hrc,7,7,14
hrgggg,0,1,1
hrs,2,0,2
hs,3,3,6
hshshahhsjjjsjsjs,0,1,1
hste,0,1,1
hts,1,0,1
hubby,1,2,3
huber,1,0,1
hubris,0,1,1
hubs,1,0,1
huckabee,0,1,1
huckster,1,0,1
huessein,1,0,1
huffing,1,0,1
hug,2,0,2
huge,10,7,17
hugely,1,0,1
hugging,1,0,1
hugs,6,0,6
huh,12,6,18
hull,1,0,1
hulu,1,0,1
human,27,41,68
humane,2,1,3
humanitarian,1,0,1
humanity,3,1,4
humanitys,0,1,1
humans,7,5,12
humble,2,0,2
humbled,1,0,1
humbles,1,0,1
humbling,1,0,1
humidity,1,0,1
humiliated,0,2,2
humiliating,1,1,2
humiliation,2,0,2
humor,4,3,7
humour,0,1,1
humping,0,1,1
hums,1,0,1
hun,4,1,5
hunch,1,0,1
hundert,1,0,1
hundred,1,1,2
hundreds,2,4,6
hung,0,2,2
hungarian,1,0,1
hungary,0,1,1
hunger,1,0,1
hungerless,1,0,1
hungery,0,1,1
hungrier,1,0,1
hungry,2,2,4
hunkered,2,0,2
hunnid,0,1,1
hunt,8,4,12
hunted,2,2,4
hunter,4,1,5
hunters,2,2,4
hunting,1,1,2
hunts,0,1,1
huntsman,1,0,1
huntsville,1,0,1
hurd,1,0,1
hurled,0,1,1
hurray,1,0,1
hurrican,1,0,1
hurricane,16,13,29
hurricanes,1,2,3
hurry,3,1,4
hurt,24,29,53
hurtful,0,1,1
hurting,2,4,6
hurtng,1,0,1
hurts,9,5,14
husband,15,10,25
husbands,3,0,3
hush,1,1,2
hussein,2,3,5
hussle,0,1,1
hustling,1,0,1
huuge,1,0,1
hv,1,0,1
hve,1,0,1
hws,1,1,2
hy,1,1,2
hybrid,1,0,1
hyde,1,0,1
hydrated,1,0,1
hydro,1,0,1
hygs,1,0,1
hype,2,6,8
hyper,1,0,1
hyperbole,2,0,2
hyping,0,1,1
hypnotized,1,0,1
hypocrisy,8,13,21
hypocrite,0,17,17
hypocrites,3,11,14
hypocritical,1,8,9
hypothesis,1,0,1
hypothetical,1,1,2
hysteria,2,1,3
hysterical,8,1,9
hyt,0,1,1
hyukjae,1,0,1
hyun,1,0,1
hyunjea,1,0,1
ia,0,1,1
ian,1,0,1
iannello,0,1,1
ib,0,1,1
iberals,1,0,1
ice,7,7,14
iceberg,2,0,2
icecream,1,0,1
icon,2,3,5
iconic,2,0,2
id,2,0,2
idaho,0,1,1
idc,1,1,2
iddy,1,0,1
idea,51,16,67
ideal,2,0,2
idealistic,1,0,1
ideally,1,0,1
ideals,2,2,4
ideas,10,9,19
idee,1,0,1
ideia,1,0,1
identical,1,0,1
identifies,2,0,2
identify,3,2,5
identifying,1,0,1
identity,9,5,14
ideological,3,0,3
ideologies,1,0,1
ideology,10,5,15
idgaf,2,0,2
idio,0,1,1
idiocy,1,1,2
idioms,0,1,1
idiot,2,54,56
idiotic,1,6,7
idiots,3,21,24
idk,10,11,21
idle,0,1,1
idlib,1,0,1
idly,1,0,1
idol,1,1,2
idolatrous,0,1,1
ids,0,1,1
ie,1,0,1
if,638,340,978
ifu,0,1,1
ig,2,1,3
iggy,1,0,1
igl,1,0,1
ign,0,1,1
igniting,1,0,1
ignorance,4,10,14
ignorant,4,32,36
ignore,20,13,33
ignored,8,3,11
ignores,4,1,5
ignoring,7,2,9
igor,1,0,1
iguanas,0,1,1
ihmykgodoosj,1,0,1
ihra,1,0,1
ii,2,0,2
iii,1,0,1
ik,1,1,2
ikkk,0,1,1
ikr,1,1,2
il,1,0,1
ilegal,2,0,2
ilk,1,2,3
ill,7,11,18
illegal,31,24,55
illegally,0,2,2
illegals,12,9,21
illegitimacy,0,1,1
illegitimate,0,1,1
illest,0,1,1
illigal,0,1,1
illigally,1,0,1
illinois,7,4,11
illinoise,1,0,1
illios,0,1,1
illiterate,0,1,1
illiterates,0,1,1
illllegal,0,1,1
illness,1,3,4
illogical,2,1,3
illusion,2,0,2
illusterates,1,0,1
illustrated,2,0,2
illustration,1,0,1
illustrations,1,0,1
ily,7,1,8
ilysm,1,0,1
im,39,38,77
ima,0,1,1
image,5,2,7
imagery,1,0,1
images,1,0,1
imaginable,1,0,1
imaginary,1,2,3
imagination,1,0,1
imagine,29,23,52
imagined,4,1,5
imagineee,1,0,1
imagines,1,1,2
imagining,0,1,1
imbalance,1,0,1
imbalanced,0,1,1
imbecild,0,1,1
imbecile,0,2,2
imbibing,1,0,1
imho,1,1,2
imma,2,1,3
immaculate,1,0,1
immagration,1,0,1
immature,0,3,3
immaturity,0,1,1
immediarely,0,1,1
immediate,1,3,4
immediately,8,2,10
immense,1,0,1
immensely,1,0,1
immersion,1,0,1
immigrant,1,3,4
immigrantion,0,1,1
immigrants,8,15,23
immigrantsilegals,0,1,1
immigrating,1,0,1
immigration,16,6,22
immoral,2,3,5
immortal,0,1,1
immune,2,0,2
imngonna,1,0,1
imo,4,3,7
imp,0,1,1
impact,7,0,7
impacted,1,2,3
impaired,1,0,1
impart,0,1,1
imparting,0,1,1
impasse,1,0,1
impatient,0,1,1
impeach,1,2,3
impeachable,1,2,3
impeached,3,2,5
impeachement,1,0,1
impeachment,2,1,3
impeccable,2,1,3
impenetrable,0,1,1
imperative,0,1,1
imperial,1,0,1
imperialist,1,0,1
imperical,1,0,1
implant,0,1,1
implausible,0,1,1
implement,1,1,2
implementation,2,0,2
implemented,1,4,5
implementing,2,0,2
implicated,1,0,1
implications,1,0,1
implies,2,1,3
implode,2,0,2
imploding,0,1,1
imply,3,1,4
implying,2,2,4
importance,1,0,1
important,39,8,47
importantly,3,0,3
importation,1,0,1
imports,1,0,1
imposed,3,2,5
imposing,0,2,2
imposition,1,0,1
impossible,4,2,6
imposters,0,1,1
impoverished,0,1,1
imprecation,1,0,1
impress,3,0,3
impressed,2,0,2
impression,3,0,3
impressive,2,1,3
imprison,1,0,1
improve,2,2,4
improved,4,2,6
improvement,1,0,1
improvements,1,0,1
impulsive,1,0,1
impuse,1,0,1
in,1773,939,2712
inability,1,4,5
inaction,0,1,1
inactive,1,0,1
inadequate,0,1,1
inadmissible,0,1,1
inane,1,0,1
inanimate,2,1,3
inappropriate,1,1,2
inauguration,1,0,1
inauthenticity,1,0,1
inb,1,0,1
inbox,0,1,1
inbred,1,1,2
inc,1,0,1
incapable,1,7,8
incarcerated,0,1,1
incarnate,1,3,4
incarnations,1,0,1
incel,1,0,1
incensed,1,0,1
incentive,1,0,1
incentives,1,0,1
inch,3,2,5
inches,1,0,1
incidence,1,0,1
incident,6,2,8
incidents,3,1,4
incite,4,0,4
inciting,7,4,11
incivility,1,0,1
incl,0,1,1
inclined,1,1,2
inclineed,1,0,1
include,11,0,11
included,3,0,3
includes,3,3,6
including,19,10,29
inclusion,2,0,2
inclusive,3,0,3
income,5,2,7
incomes,0,1,1
incoming,2,1,3
incomparable,1,0,1
incompatibles,0,1,1
incompetency,0,1,1
incompetent,4,7,11
inconceivable,0,1,1
inconsistent,2,2,4
inconvenience,1,0,1
incorrect,4,0,4
incorrectly,2,0,2
increase,8,4,12
increased,4,1,5
increases,0,1,1
increasing,2,0,2
increasingly,1,2,3
incredible,13,2,15
incredibly,3,2,5
inculcate,0,1,1
indeed,8,6,14
indefensible,1,0,1
independence,3,1,4
independent,10,3,13
independents,1,1,2
indescretion,0,1,1
india,12,7,19
indian,2,1,3
indiana,2,2,4
indicate,3,0,3
indicates,1,1,2
indicating,1,0,1
indication,2,1,3
indicators,1,1,2
indict,3,0,3
indicted,3,3,6
indictments,1,0,1
indie,1,0,1
indifference,1,0,1
indifferent,0,1,1
indigenous,1,0,1
indira,1,0,1
individual,16,5,21
individuals,6,3,9
indoctrinated,2,1,3
indoctrinating,0,2,2
indoctrination,2,0,2
indonesia,0,1,1
induced,0,1,1
inducing,1,1,2
inducted,1,0,1
industrial,1,0,1
industries,3,1,4
industry,10,2,12
ine,0,1,1
ineffective,1,3,4
inept,1,2,3
inequality,2,0,2
inequities,1,0,1
inevitable,1,2,3
inexcusable,0,3,3
inexperienced,0,1,1
infact,2,0,2
infamous,1,0,1
infant,0,1,1
infantilized,1,0,1
infatuated,1,0,1
infecting,1,0,1
infection,1,0,1
inferior,1,0,1
inferred,1,0,1
infertile,0,1,1
infighting,1,0,1
infiltrate,1,0,1
infiltrated,2,0,2
infiltration,0,1,1
infiltrator,1,0,1
infiltrators,1,0,1
infinite,2,0,2
infinitely,0,1,1
infinity,1,0,1
inflammatory,1,0,1
inflated,2,0,2
inflict,0,1,1
inflicting,0,1,1
inflicts,0,1,1
influence,5,0,5
influenced,2,0,2
influencers,2,0,2
influences,1,1,2
influencing,0,1,1
influential,3,1,4
influx,1,0,1
info,14,7,21
inform,2,1,3
informatin,1,0,1
information,13,4,17
informational,1,0,1
informed,6,1,7
informing,1,0,1
informs,2,0,2
infowars,2,0,2
infractions,1,0,1
infrastructure,2,0,2
infridge,1,0,1
infringe,2,0,2
infringed,0,1,1
infringing,0,1,1
infuriating,1,1,2
infusion,1,0,1
ing,2,1,3
inggit,1,0,1
ingles,1,0,1
ingraham,1,0,1
inhales,0,1,1
inherently,1,1,2
inherit,1,0,1
inherited,1,0,1
inhuman,1,0,1
iniated,0,1,1
initial,3,0,3
initially,2,0,2
initiation,1,0,1
initiative,6,0,6
injecting,0,1,1
injured,2,3,5
injuried,0,1,1
injuries,1,0,1
injury,6,1,7
injustice,2,2,4
injustices,0,2,2
inkling,1,0,1
inlaws,1,0,1
inmate,1,1,2
inmates,0,1,1
inn,0,1,1
inna,0,1,1
inner,2,1,3
inning,1,0,1
innings,1,0,1
innnew,1,0,1
innocence,3,2,5
innocent,31,23,54
innocents,1,0,1
innovation,1,0,1
innovative,1,0,1
innuendoes,0,1,1
input,1,0,1
inputed,1,0,1
inquirer,1,0,1
inquiring,0,1,1
inquiry,1,0,1
insane,11,16,27
insanely,0,1,1
insanity,4,2,6
insecure,0,1,1
insecurities,0,1,1
inseparable,1,0,1
insert,2,0,2
inside,13,4,17
insider,3,0,3
insight,3,0,3
insightful,1,0,1
insights,2,0,2
insignificant,1,0,1
insincere,1,0,1
insinuate,1,0,1
insinuated,1,0,1
insinuating,2,0,2
insist,5,2,7
insisting,1,0,1
insists,1,0,1
inspections,1,0,1
inspiration,8,0,8
inspired,1,0,1
inspiring,6,1,7
inspo,0,1,1
inspring,1,0,1
insta,0,1,1
instagram,2,0,2
install,1,0,1
installation,0,1,1
installed,0,1,1
installing,0,1,1
installment,1,0,1
instance,6,1,7
instances,2,1,3
instant,1,1,2
instantly,0,1,1
instate,1,0,1
instead,37,28,65
instigated,1,0,1
instigating,1,1,2
instituted,0,2,2
institution,2,1,3
institutions,1,1,2
instruct,1,0,1
instruction,2,0,2
instructions,2,0,2
insubstantial,1,0,1
insufferable,1,0,1
insufficient,1,0,1
insulating,0,1,1
insulin,1,0,1
insult,6,2,8
insulted,4,0,4
insulting,1,5,6
insults,2,3,5
insurance,4,1,5
insures,0,1,1
insurgent,1,0,1
integral,1,0,1
integrity,7,1,8
intel,3,1,4
intellect,1,0,1
intellectual,10,4,14
intellectuals,1,1,2
intellegence,0,1,1
intelligence,7,4,11
intelligent,9,7,16
intend,2,0,2
intended,4,3,7
intends,1,0,1
intense,2,0,2
intensity,1,0,1
intent,4,1,5
intention,1,4,5
intentional,2,0,2
intentionally,2,2,4
intentions,4,1,5
interact,2,0,2
interacted,1,0,1
interaction,3,0,3
interactions,2,0,2
interactive,1,0,1
intercepted,2,0,2
interest,12,5,17
interested,19,5,24
interesting,15,4,19
interests,7,3,10
interface,1,0,1
interference,1,0,1
interferes,2,0,2
interfering,1,0,1
interim,0,1,1
interior,2,0,2
internal,3,0,3
internalized,0,1,1
international,5,4,9
internet,9,6,15
internets,1,0,1
internment,1,1,2
interoperate,1,0,1
interpretation,2,0,2
interpreted,1,0,1
interpreting,1,0,1
interracial,1,0,1
interrogation,1,0,1
interrupt,0,1,1
interrupting,0,1,1
interrupts,0,1,1
intersections,1,0,1
intervene,0,1,1
intervention,1,0,1
interview,9,9,18
interviewed,4,1,5
interviewing,1,0,1
interviews,2,2,4
inthe,0,2,2
intial,1,0,1
intimidate,3,1,4
intimidated,1,0,1
intimidating,1,0,1
intimidation,1,2,3
intitled,0,1,1
into,139,75,214
intolerant,0,2,2
intratec,1,0,1
introduce,2,0,2
introduced,2,1,3
introduces,0,1,1
introducing,3,1,4
intruder,2,0,2
intrusion,0,1,1
intuitive,1,0,1
invade,1,0,1
invaded,0,1,1
invader,1,0,1
invaders,2,1,3
invading,1,1,2
invalid,1,0,1
invasion,3,1,4
invent,2,0,2
invented,1,0,1
inventing,1,0,1
inventive,0,1,1
invents,1,0,1
invert,1,0,1
invest,2,0,2
investigate,13,8,21
investigated,7,8,15
investigates,1,1,2
investigating,2,0,2
investigation,22,8,30
investigations,3,3,6
investigative,0,1,1
investigator,1,0,1
investing,1,0,1
investment,2,1,3
investments,1,0,1
investors,1,1,2
invisible,2,2,4
invitation,0,1,1
invite,3,2,5
invited,4,1,5
invites,0,1,1
inviting,1,1,2
invoked,1,0,1
invokes,1,0,1
invoking,0,1,1
involed,1,0,1
involve,1,1,2
involved,19,6,25
involvement,1,0,1
involves,3,2,5
involving,3,0,3
inz,1,0,1
iook,1,0,1
iowa,3,1,4
ip,5,0,5
ipad,0,1,1
iphone,2,2,4
ipo,1,0,1
iq,2,6,8
ira,0,1,1
iran,8,15,23
iranian,1,2,3
iranians,1,1,2
iraq,1,0,1
ireland,2,3,5
irish,3,2,5
irl,1,0,1
iron,1,0,1
ironic,4,3,7
ironically,0,1,1
irony,5,2,7
irrational,1,0,1
irrationality,0,1,1
irredeemable,0,1,1
irrelevant,13,5,18
irreplaceable,1,0,1
irresponsible,1,5,6
irreversibly,0,1,1
irritating,0,1,1
irs,3,2,5
is,4244,2401,6645
isaac,1,1,2
isaiah,1,0,1
ish,1,1,2
ishii,1,0,1
isis,5,7,12
islam,4,3,7
islamabad,1,0,1
islamic,3,2,5
islamists,2,0,2
islamophobe,0,2,2
islamophobia,0,1,1
island,10,2,12
islands,0,1,1
isle,2,0,2
ismael,1,0,1
isn,41,25,66
isnt,9,4,13
isolated,2,0,2
isolating,1,0,1
israel,12,8,20
israeli,1,2,3
issss,1,0,1
issue,52,24,76
issued,3,0,3
issues,34,15,49
issuing,2,0,2
ist,2,0,2
it,1716,1010,2726
ita,1,0,1
italian,0,3,3
italians,1,1,2
italy,2,0,2
itch,0,1,1
item,1,0,1
itemize,1,0,1
items,1,0,1
itne,1,0,1
its,115,69,184
itself,18,4,22
itsnot,1,0,1
ittabloid,0,1,1
iv,0,1,1
ivan,0,1,1
ivana,0,1,1
ivanka,1,1,2
ive,5,3,8
iwas,0,1,1
ix,0,1,1
iya,0,1,1
izlam,1,0,1
jace,1,0,1
jack,16,3,19
jackasses,1,0,1
jacked,0,2,2
jacket,5,0,5
jackets,0,1,1
jackie,2,0,2
jackiedp,1,0,1
jackoff,1,0,1
jacks,0,2,2
jackson,1,1,2
jacksonville,2,0,2
jaclyn,0,1,1
jacob,2,1,3
jacobite,1,0,1
jag,1,1,2
jahs,0,1,1
jail,24,26,50
jailed,0,3,3
jaise,1,0,1
jajaja,1,0,1
jake,2,0,2
jam,0,1,1
jamaican,1,0,1
jameis,2,0,2
james,10,1,11
jamie,2,2,4
jamming,1,0,1
jan,1,0,1
janani,1,0,1
janaza,1,0,1
jane,1,2,3
janet,1,0,1
january,3,0,3
japan,6,1,7
japanese,5,0,5
jaquonadiah,1,0,1
jared,1,1,2
jarrett,0,2,2
jason,1,1,2
jawani,1,0,1
jaws,1,3,4
jax,1,0,1
jay,1,3,4
jays,1,0,1
jaywalking,1,0,1
jazz,2,0,2
jazzy,0,1,1
jc,0,1,1
jd,0,1,1
jdkdkdd,0,1,1
jdkdkdk,1,0,1
jealous,4,5,9
jealousy,1,0,1
jean,0,2,2
jeans,3,2,5
jedi,1,0,1
jeep,1,0,1
jeezuz,1,0,1
jeff,6,9,15
jefferson,0,1,1
jehovah,0,1,1
jelllll,1,0,1
jen,2,1,3
jennifer,1,0,1
jeno,1,0,1
jeopardize,1,0,1
jeopardizes,1,0,1
jeopardizing,1,0,1
jeopardy,0,4,4
jeremy,2,2,4
jericho,1,0,1
jerk,3,3,6
jerkoff,0,1,1
jerks,0,1,1
jerome,1,0,1
jerry,4,6,10
jersey,3,2,5
jerusalem,1,1,2
jes,1,0,1
jess,0,2,2
jesse,0,2,2
jester,0,1,1
jesu,1,0,1
jesuit,1,1,2
jesus,16,9,25
jet,2,1,3
jets,2,0,2
jewels,1,0,1
jewish,8,1,9
jews,3,3,6
jfc,2,0,2
jfk,1,0,1
jhdsfhjsg,0,1,1
ji,2,0,2
jihadi,0,1,1
jihadis,1,0,1
jihadist,1,1,2
jihoons,0,1,1
jill,1,1,2
jim,8,1,9
jimbo,2,0,2
jimin,4,0,4
jimmy,6,1,7
jin,3,0,3
jisne,1,0,1
jisoo,0,1,1
jj,2,0,2
jk,0,2,2
jlr,1,0,1
jmatt,0,1,1
jmo,0,2,2
jo,1,1,2
joan,3,1,4
job,66,46,112
jobless,1,2,3
jobs,17,15,32
joe,18,15,33
joey,2,0,2
jogging,0,1,1
john,17,9,26
johnny,1,0,1
johnson,4,3,7
johny,1,0,1
join,32,3,35
joined,9,0,9
joining,6,1,7
joins,1,0,1
joint,1,3,4
joke,25,18,43
joker,1,0,1
jokes,8,7,15
joking,3,4,7
jolie,0,1,1
jolt,0,1,1
jon,1,2,3
jonah,1,0,1
jonathan,1,0,1
jones,8,6,14
jong,1,0,1
jonso,1,0,1
jordan,1,2,3
jose,0,2,2
joseph,2,1,3
josh,5,2,7
jot,1,0,1
jourdan,2,0,2
journalism,1,3,4
journalist,5,3,8
journalistic,3,1,4
journalists,8,3,11
journey,5,0,5
journo,1,0,1
journos,0,1,1
joy,3,2,5
joyful,1,0,1
joymorrissey,1,0,1
joyous,1,0,1
jpm,0,1,1
jr,6,6,12
jrm,2,0,2
jrs,1,0,1
js,0,1,1
jsjdhkdfhjfkfkhsjdhd,0,1,1
ju,1,0,1
juan,4,4,8
juanita,3,1,4
jude,1,0,1
judeo,1,0,1
judge,44,30,74
judged,2,1,3
judgement,3,1,4
judgements,1,0,1
judges,7,7,14
judgeships,0,1,1
judging,3,2,5
judgment,5,1,6
judical,1,0,1
judicial,6,4,10
judiciary,2,0,2
juggernaut,1,0,1
jugular,1,0,1
juice,1,0,1
jujubes,1,0,1
julie,2,1,3
july,4,1,5
jump,6,4,10
jumped,3,0,3
jumping,6,2,8
jumps,2,0,2
jumpsuit,0,1,1
jumpy,1,0,1
jun,0,1,1
juncture,1,0,1
june,3,1,4
junior,2,2,4
juniors,1,0,1
junkees,0,1,1
junkets,0,1,1
junkies,0,1,1
junko,1,0,1
jurisdiction,1,1,2
jurist,1,1,2
jurky,1,0,1
jury,7,2,9
jus,1,0,1
just,627,393,1020
justice,42,13,55
justices,1,0,1
justification,2,0,2
justifications,1,1,2
justified,4,0,4
justifies,0,1,1
justify,5,6,11
justifying,2,1,3
justin,1,3,4
justly,1,0,1
justwank,1,0,1
juvenile,1,2,3
juxtapositioning,1,0,1
jv,0,1,1
jwb,0,1,1
ka,2,0,2
kaam,1,0,1
kaate,1,0,1
kabasele,2,0,2
kaduna,1,0,1
kady,1,0,1
kaepernick,4,3,7
kag,5,0,5
kagan,2,0,2
kahenge,1,0,1
kahlili,1,0,1
kai,1,0,1
kaine,5,0,5
kaiser,1,0,1
kajillions,1,0,1
kakulitan,1,0,1
kal,2,0,2
kale,1,0,1
kamakazee,1,0,1
kamala,5,2,7
kamara,1,0,1
kamau,1,0,1
kameron,0,1,1
kampf,2,0,2
kanaugh,0,1,1
kane,2,0,2
kangaka,0,1,1
kangaroo,0,1,1
kansas,0,1,1
kanye,0,2,2
kap,1,1,2
kappa,0,1,1
karachiites,1,0,1
karel,1,0,1
karl,1,0,1
karma,1,2,3
karmys,1,0,1
kart,1,0,1
karyakarta,1,0,1
kashmiri,0,1,1
kate,1,3,4
kathryn,1,0,1
kathua,0,1,1
kathy,2,0,2
katter,1,0,1
kaufman,1,0,1
kav,0,1,1
kava,1,0,1
kavanagh,4,0,4
kavanah,1,0,1
kavanaugh,121,60,181
kavanaughs,4,0,4
kavanauh,2,0,2
kavannah,0,1,1
kavanope,0,1,1
kavanough,1,0,1
kavanugh,0,1,1
kavauagh,1,0,1
kavenaugh,2,0,2
kay,0,1,1
kaycee,5,0,5
kayla,1,0,1
kaylor,0,1,1
kaz,1,0,1
kaze,0,1,1
kb,1,0,1
kc,1,1,2
kdksksks,0,1,1
ke,1,1,2
keaton,1,0,1
kebab,1,0,1
ked,0,1,1
keefe,2,0,2
keel,0,1,1
keemstar,0,1,1
keen,0,1,1
keep,143,79,222
keeper,1,0,1
keeping,10,2,12
keepinghis,0,1,1
keeps,11,9,20
kehna,1,0,1
keita,1,0,1
keith,14,6,20
kek,1,0,1
kellen,1,0,1
keller,1,1,2
kelly,4,0,4
kellyanne,1,0,1
kemi,1,0,1
kemp,1,0,1
kendall,1,0,1
kennedy,4,2,6
kennel,1,0,1
kenny,1,0,1
kentucky,2,0,2
kept,10,9,19
kermit,1,0,1
kern,1,0,1
kerr,0,1,1
kerry,14,8,22
kery,1,0,1
ketterer,1,0,1
kettle,2,3,5
kettterer,1,0,1
kev,1,0,1
kevin,2,0,2
key,10,3,13
keyboard,1,1,2
kg,0,2,2
kgb,2,0,2
kgo,1,0,1
kh,1,0,1
khabib,1,0,1
khan,2,1,3
khana,1,0,1
khant,1,0,1
khloe,1,0,1
ki,2,0,2
kick,6,8,14
kickass,0,1,1
kicked,3,6,9
kicking,2,3,5
kicks,1,1,2
kid,14,17,31
kida,0,1,1
kidding,12,2,14
kidnapped,2,0,2
kids,35,36,71
kiki,0,1,1
kill,14,39,53
killary,2,1,3
killed,16,29,45
killer,5,7,12
killers,3,5,8
killing,18,19,37
killings,0,4,4
kills,5,4,9
killshot,1,0,1
kim,4,2,6
kimber,1,0,1
kind,56,38,94
kinda,10,8,18
kindergarten,1,0,1
kindest,2,0,2
kindle,1,0,1
kindly,1,0,1
kindness,2,1,3
kinds,0,4,4
kinew,0,1,1
king,12,2,14
kingdom,1,0,1
kingggg,1,0,1
kinky,0,2,2
kinscem,1,0,1
kira,0,2,2
kirinodere,0,1,1
kirk,1,0,1
kiss,9,5,14
kisses,2,1,3
kissing,2,3,5
kissy,1,0,1
kit,2,0,2
kitchen,2,1,3
kitchens,1,0,1
kitnay,1,0,1
kitty,2,0,2
kiye,1,0,1
kkk,23,21,44
kkkkk,1,0,1
kl,0,1,1
klan,1,2,3
klansmen,0,1,1
kliff,0,1,1
kma,1,0,1
knack,0,1,1
knee,7,3,10
kneejerk,0,1,1
kneel,2,0,2
kneeled,1,0,1
kneelers,1,1,2
kneeling,7,4,11
knees,8,1,9
knew,32,20,52
knife,4,3,7
knight,3,0,3
knighthood,0,1,1
knives,1,0,1
knob,1,0,1
knock,4,2,6
knocked,1,1,2
knocking,2,1,3
knockmy,1,0,1
knot,0,1,1
knots,0,1,1
know,410,230,640
knoweth,1,0,1
knowing,15,3,18
knowingly,2,2,4
knowledge,3,4,7
knowledgeable,2,1,3
knowmandni,1,0,1
known,25,16,41
knowor,1,0,1
knows,42,45,87
knowthat,1,0,1
knowwhat,1,0,1
knuckledraggers,1,0,1
knucklehead,0,1,1
knuckles,1,0,1
ko,4,0,4
koch,2,0,2
kochs,0,1,1
kochsucker,0,1,1
kod,1,0,1
kogasa,3,0,3
kogasas,1,0,1
konjam,1,0,1
konk,1,0,1
kook,1,0,1
kookoo,0,1,1
kooky,0,2,2
kool,2,1,3
koolaid,0,2,2
koolaide,1,1,2
koontz,1,0,1
kop,1,0,1
korea,3,3,6
korean,3,0,3
koreans,2,0,2
korzemba,0,1,1
kowtowing,1,0,1
kp,0,1,1
kpop,0,1,1
kraber,1,0,1
kraken,2,0,2
krav,4,1,5
krazee,0,1,1
kreamy,1,0,1
krebs,1,0,1
kree,2,0,2
kremlin,1,0,1
kris,1,0,1
krishn,0,2,2
krishna,1,2,3
krishnaji,0,1,1
krisna,0,1,1
krty,1,0,1
krypton,1,0,1
kryptonian,0,1,1
krzysztof,1,0,1
ktvu,1,0,1
kuch,1,0,1
kucinich,1,0,1
kudos,1,0,1
kun,2,0,2
kung,1,0,1
kuniva,1,0,1
kuran,0,2,2
kurds,0,1,1
kurt,0,2,2
kushner,0,1,1
kw,0,1,1
kwasia,0,1,1
ky,1,0,1
kyky,1,0,1
kyla,1,0,1
kyle,3,1,4
kylie,1,0,1
kyungsoo,1,0,1
la,7,2,9
lab,2,1,3
labamba,1,0,1
label,4,5,9
labeled,3,2,5
labeling,0,1,1
labelled,2,1,3
labels,1,0,1
labor,6,0,6
laborers,0,1,1
labour,22,7,29
lack,14,12,26
lacked,0,1,1
lackey,0,1,1
lackeys,1,0,1
lackies,1,0,1
lacking,1,0,1
lacquer,1,0,1
lactose,1,0,1
lad,1,0,1
ladder,0,1,1
laden,1,0,1
ladies,3,4,7
lady,23,10,33
lagta,1,0,1
laguna,1,0,1
lahore,1,0,1
laid,2,0,2
lair,0,1,1
lake,2,2,4
lakeland,1,0,1
lakes,1,0,1
lama,0,1,1
lamarr,1,0,1
lambda,1,0,1
lambs,0,1,1
lame,2,4,6
lamebotas,0,1,1
lamebrain,1,0,1
lament,1,0,1
laments,0,1,1
lancet,1,0,1
land,12,4,16
landed,0,1,1
lander,1,0,1
landon,0,2,2
landowners,1,0,1
landry,1,0,1
lands,2,1,3
landscape,1,0,1
landslide,1,0,1
lane,2,1,3
lang,1,0,1
language,7,2,9
languages,1,0,1
languase,1,0,1
lap,3,2,5
lapdpgs,0,1,1
laps,2,0,2
large,13,3,16
largely,1,1,2
larger,1,1,2
largest,4,2,6
larping,1,0,1
larries,0,1,1
larry,1,1,2
las,2,1,3
lasa,0,1,1
laser,1,1,2
last,89,31,120
lasted,1,0,1
lasting,0,1,1
late,19,5,24
lately,9,3,12
later,14,9,23
latest,11,4,15
latex,0,1,1
latin,3,0,3
latino,2,3,5
latinos,0,1,1
latte,0,1,1
latter,3,1,4
lau,1,0,1
laud,0,1,1
laugh,9,7,16
laughable,5,3,8
laughed,5,2,7
laughing,12,3,15
laughs,7,1,8
laught,1,0,1
laughts,1,0,1
launch,0,1,1
launched,1,0,1
launcher,1,0,1
launching,1,0,1
laundering,1,0,1
laundromat,1,0,1
laura,5,1,6
lavish,1,0,1
law,86,65,151
lawbreakers,0,1,1
lawd,1,0,1
lawful,1,0,1
lawless,3,1,4
lawlessness,1,1,2
lawmakers,0,1,1
laws,128,70,198
lawsuit,4,0,4
lawsuits,1,0,1
lawton,4,0,4
lawyer,11,7,18
lawyers,4,1,5
lax,0,2,2
lay,4,1,5
layer,0,1,1
laying,0,1,1
layman,1,0,1
layne,1,0,1
layperson,1,0,1
lays,1,0,1
lazily,1,0,1
lazy,6,8,14
lbgqt,1,0,1
lbj,1,0,1
lbs,0,2,2
ld,1,0,1
lds,1,0,1
le,4,0,4
lead,19,4,23
leader,22,19,41
leaderless,1,0,1
leaders,10,10,20
leadership,12,4,16
leading,7,5,12
leads,5,1,6
leaf,1,1,2
leaflet,0,1,1
league,15,5,20
leagues,1,0,1
leah,0,1,1
leak,2,2,4
leaked,0,1,1
leaking,2,0,2
leaks,2,0,2
lean,3,1,4
leaning,11,4,15
leans,0,1,1
learn,29,10,39
learned,7,1,8
learning,4,0,4
learns,0,1,1
least,40,26,66
leather,0,1,1
leave,42,22,64
leavem,1,0,1
leaves,4,0,4
leaving,14,3,17
lebron,1,1,2
lecor,1,0,1
lecture,3,1,4
lectures,0,1,1
lecturing,2,1,3
led,4,2,6
lee,3,0,3
leeches,0,1,1
leetpro,1,0,1
lefist,0,1,1
left,173,122,295
leftest,1,2,3
leftie,0,1,1
lefties,1,8,9
leftist,29,23,52
leftists,17,9,26
leftovers,1,0,1
lefts,0,1,1
leftstream,1,0,1
leftwing,2,2,4
leftwingers,1,0,1
lefty,2,6,8
leftypol,1,0,1
leftys,0,1,1
leg,1,3,4
legacy,6,1,7
legal,21,10,31
legalize,0,3,3
legalized,1,1,2
legalizes,1,0,1
legalizing,1,0,1
legally,4,3,7
legatron,1,0,1
legend,9,2,11
legends,1,2,3
leggings,1,0,1
legion,0,1,1
legislate,0,1,1
legislates,1,0,1
legislating,1,0,1
legislation,12,5,17
legislative,2,1,3
legislatively,0,1,1
legislators,1,0,1
legislature,2,0,2
legislatures,0,1,1
legit,13,4,17
legitamately,0,1,1
legitimate,2,2,4
legs,1,4,5
leia,0,1,1
leibh,1,0,1
leigh,1,0,1
lekwa,1,0,1
lemme,0,1,1
lemmings,2,1,3
lemon,1,1,2
lemons,0,1,1
lend,0,1,1
lending,1,0,1
lengths,0,2,2
leniency,0,1,1
lenin,0,1,1
leninist,0,1,1
lens,0,1,1
leo,2,1,3
leona,5,1,6
leone,0,1,1
leopard,0,1,1
leos,0,1,1
lesbian,2,4,6
leslie,0,2,2
less,51,22,73
lesser,1,2,3
lesson,4,1,5
lessons,2,0,2
lest,2,0,2
let,141,92,233
letgod,0,1,1
lethal,2,2,4
lethargic,0,1,1
letitia,1,0,1
lets,11,6,17
letter,21,3,24
letters,3,1,4
letting,6,6,12
leukemia,2,0,2
level,18,12,30
levels,3,2,5
leveon,0,1,1
levi,12,3,15
levied,1,0,1
levin,0,1,1
levis,1,2,3
levity,1,0,1
lewinski,0,1,1
lewis,4,1,5
lex,1,0,1
lf,1,0,1
lg,2,0,2
lgbqt,1,0,1
lgbt,4,3,7
lgbtq,2,3,5
lgn,1,0,1
li,0,1,1
liability,1,2,3
liable,1,0,1
liam,1,0,1
liar,12,57,69
liars,2,10,12
lib,12,0,12
libdems,1,0,1
libel,2,2,4
libeling,1,0,1
liberal,119,96,215
liberalism,5,4,9
liberalling,1,0,1
liberals,854,531,1385
liberaltarian,1,0,1
liberatarianism,1,0,1
libertarian,2,1,3
libertarians,6,0,6
libertennial,1,0,1
liberties,1,1,2
liberty,7,3,10
liblabcon,1,0,1
libleft,1,0,1
libnut,1,0,1
libnuts,1,0,1
libra,1,0,1
librarian,1,0,1
library,4,0,4
libs,23,7,30
libtard,4,4,8
libtarded,1,0,1
libtards,3,3,6
libya,0,1,1
license,1,2,3
licensed,2,0,2
lick,0,2,2
licked,0,1,1
licker,0,1,1
licking,0,2,2
lid,1,0,1
lie,46,46,92
lieberal,1,0,1
lied,12,8,20
lier,1,6,7
lies,44,50,94
lieu,1,0,1
life,118,76,194
lifeline,1,0,1
lifers,1,0,1
lifes,1,0,1
lifestyle,2,0,2
lifetime,9,2,11
lifetimes,1,0,1
lift,2,1,3
lifting,1,2,3
light,23,4,27
lighten,1,0,1
lighting,0,1,1
lightly,0,1,1
lights,2,0,2
lightweight,1,0,1
ligic,0,1,1
like,640,476,1116
liked,12,5,17
likelihood,2,0,2
likely,21,19,40
likeness,1,1,2
liker,0,1,1
likes,15,6,21
liketake,0,1,1
liketrump,0,1,1
likewise,3,0,3
liking,9,1,10
lil,7,6,13
lilextra,0,1,1
lilies,1,0,1
lilly,2,0,2
lily,1,0,1
limbaugh,0,1,1
limbs,1,2,3
limelight,1,0,1
limit,2,2,4
limitations,6,0,6
limited,3,3,6
limiting,1,0,1
limits,5,5,10
limn,1,0,1
limousine,2,1,3
limp,1,0,1
limping,1,0,1
lincoln,3,2,5
linda,1,1,2
lindsay,1,0,1
lindsey,0,4,4
line,32,25,57
lined,1,0,1
lines,4,4,8
lineswoman,1,0,1
lingerie,1,0,1
lining,0,2,2
link,12,5,17
linked,4,1,5
linking,0,1,1
links,4,0,4
lion,6,2,8
lions,0,1,1
lip,1,0,1
lips,4,3,7
liquor,2,0,2
lird,0,1,1
lisa,4,2,6
list,48,9,57
listed,3,2,5
listen,39,18,57
listened,5,2,7
listener,1,0,1
listeners,0,1,1
listening,15,6,21
listens,0,1,1
lists,15,2,17
lit,2,3,5
lite,2,1,3
liter,1,0,1
literal,2,0,2
literally,22,33,55
litmus,0,1,1
litterally,1,0,1
litterly,0,1,1
little,62,47,109
live,50,30,80
lived,7,3,10
livelihood,0,1,1
lives,32,33,65
livid,0,1,1
living,22,13,35
livingtrust,1,0,1
lkke,1,0,1
ll,102,69,171
llc,1,0,1
llook,1,0,1
lmaaaaoooo,0,1,1
lmao,29,31,60
lmaoo,1,1,2
lmaooo,3,5,8
lmaoooo,0,4,4
lmaoooooo,0,1,1
lmaooooooo,0,1,1
lmbo,0,1,1
lmfao,7,0,7
lmfaoo,0,1,1
lmfaooo,2,0,2
lmfaooooo,0,1,1
lmfaoooooo,1,0,1
lmfaoooooooo,1,0,1
lnp,1,0,1
lnvestigation,0,1,1
load,2,3,5
loaded,2,0,2
loaf,1,0,1
loafers,1,0,1
loan,3,3,6
loaned,1,0,1
loans,2,3,5
loathe,2,0,2
lobbied,0,1,1
lobby,7,4,11
lobbying,3,0,3
lobbyist,0,1,1
lobe,1,1,2
local,14,8,22
localities,1,0,1
locally,2,0,2
located,1,0,1
location,5,0,5
lock,7,9,16
lockdown,1,0,1
locked,3,1,4
locking,1,0,1
lockstep,1,0,1
loco,0,1,1
locomotive,0,1,1
lodge,1,0,1
loesch,1,0,1
log,2,1,3
logan,0,1,1
logged,1,0,1
logging,1,0,1
loghat,0,1,1
logic,17,3,20
logical,1,2,3
logically,2,0,2
logo,2,0,2
lois,2,0,2
loitering,0,1,1
lokk,0,1,1
lol,120,94,214
loli,0,1,1
loll,1,0,1
lolol,0,1,1
lolololololololo,0,1,1
london,15,4,19
lonely,3,1,4
long,100,40,140
longed,1,0,1
longer,32,10,42
longevity,1,0,1
longgggg,1,0,1
longt,1,0,1
look,138,86,224
looked,11,6,17
lookin,1,1,2
looking,72,32,104
lookout,1,1,2
looks,79,26,105
loompa,1,0,1
loon,1,1,2
looney,4,2,6
loony,2,3,5
loool,2,0,2
looong,0,1,1
looool,0,1,1
loop,3,1,4
loopholes,2,0,2
loose,10,4,14
loosely,2,0,2
loosing,1,2,3
loosley,1,0,1
loot,1,1,2
looted,1,0,1
looting,2,1,3
lord,8,5,13
lords,1,0,1
lordt,1,0,1
lordy,2,0,2
loretta,1,0,1
lorna,1,1,2
lose,38,18,56
loser,2,14,16
losers,4,10,14
loses,1,2,3
losing,13,17,30
loss,13,3,16
losser,0,1,1
losses,0,1,1
losss,1,0,1
lost,48,41,89
losted,1,0,1
lot,82,33,115
lots,10,7,17
lott,1,0,1
lotta,1,1,2
lotto,0,1,1
lou,1,0,1
loud,6,4,10
louder,2,4,6
loudly,1,0,1
loudmouth,0,1,1
louis,2,3,5
louise,1,0,1
louisiana,1,1,2
louisville,1,0,1
lounge,1,0,1
lousy,0,1,1
lov,1,0,1
love,251,75,326
loved,16,9,25
lovee,1,0,1
lovely,10,0,10
lover,4,0,4
lovers,1,1,2
loves,22,8,30
loving,16,3,19
low,33,23,56
lowcut,1,0,1
lower,19,9,28
lowering,1,0,1
lowest,7,2,9
lowkie,0,1,1
lowlands,0,1,1
lowlife,0,2,2
lowlifes,2,1,3
lowliness,0,1,1
lowness,1,0,1
lows,1,0,1
loyal,3,3,6
loyalists,1,0,1
lrt,2,0,2
lskar,1,0,1
lst,0,1,1
lsu,1,0,1
lt,35,13,48
ltr,2,0,2
lucerferian,0,1,1
lucho,2,0,2
lucifer,1,0,1
luck,15,6,21
lucked,0,1,1
luckily,1,1,2
lucky,11,5,16
lucrative,1,0,1
lucy,1,0,1
luddites,1,0,1
lugar,0,1,1
luigi,0,1,1
luka,1,0,1
luke,1,0,1
luminous,1,0,1
lump,1,5,6
lumpenprole,0,1,1
lunacy,1,2,3
lunatic,4,9,13
lunatics,1,3,4
lunch,5,1,6
lurch,1,0,1
lurking,0,1,1
lust,0,1,1
lusted,0,1,1
lutely,0,1,1
luv,1,2,3
luves,0,1,1
luxury,2,0,2
lvl,1,0,1
lvmpd,1,0,1
lw,1,0,1
lwhen,1,0,1
lyes,1,0,1
lyin,2,0,2
lying,58,65,123
lyingggg,1,0,1
lynch,1,2,3
lynched,1,1,2
lynching,0,2,2
lynchings,2,1,3
lynn,0,1,1
lynton,1,0,1
ma,4,2,6
maa,1,0,1
maaaad,0,1,1
maaayy,1,0,1
mac,5,7,12
machine,4,1,5
mack,2,0,2
macy,1,0,1
mad,16,11,27
madam,0,2,2
madcow,1,0,1
maddow,2,0,2
maddox,1,0,1
made,99,45,144
madigan,0,1,1
madison,1,0,1
madman,0,1,1
madness,1,1,2
mae,1,0,1
mafia,0,1,1
mag,2,0,2
maga,150,64,214
magas,0,1,1
magats,1,0,1
magazine,2,2,4
magazines,2,0,2
maggie,0,1,1
maggot,0,1,1
magic,4,0,4
magical,1,0,1
magically,1,0,1
magnet,1,0,1
magnificent,0,1,1
magnify,2,0,2
magnum,0,1,1
mags,2,0,2
magyar,0,1,1
mah,0,1,1
maher,3,0,3
maid,0,1,1
maiden,1,0,1
mail,4,0,4
mailbox,1,0,1
mailer,0,1,1
main,14,5,19
maine,1,0,1
mainers,1,0,1
mainland,1,0,1
mainly,2,2,4
mainstream,5,1,6
maintain,2,1,3
maintaining,1,0,1
maintenance,1,0,1
majerle,1,0,1
major,17,7,24
majorities,2,1,3
majority,32,15,47
majors,1,0,1
make,198,119,317
makeout,2,0,2
maker,1,1,2
makers,2,1,3
makes,70,38,108
makesouthafricagreatagain,1,0,1
makeup,3,0,3
makewise,0,1,1
making,70,36,106
mal,0,1,1
malaise,1,0,1
malam,2,0,2
malaria,1,0,1
malarkey,0,1,1
male,9,6,15
males,3,1,4
malfeasance,1,0,1
malfunction,0,1,1
malicious,1,0,1
malign,0,1,1
malignant,0,2,2
malloy,1,0,1
mama,2,1,3
mames,1,0,1
mami,1,0,1
man,155,105,260
manafort,4,2,6
manage,2,2,4
managed,1,0,1
management,4,2,6
manager,3,1,4
managers,1,0,1
manages,1,0,1
manchester,2,0,2
mandate,2,0,2
mandatory,4,0,4
mandy,2,1,3
mandys,0,1,1
mane,2,0,2
maneuver,0,1,1
manga,4,1,5
mangas,1,0,1
manger,1,0,1
mangina,0,1,1
mango,0,1,1
manhattan,1,1,2
manhood,1,0,1
maniac,0,1,1
manifestation,1,0,1
manifested,1,0,1
manifesto,3,1,4
manifort,0,1,1
manipulate,4,2,6
manipulated,2,1,3
manipulation,2,1,3
manipulations,1,0,1
manipulative,1,0,1
manipulator,0,1,1
manitoba,2,0,2
manly,1,1,2
mann,0,1,1
manner,3,1,4
mannered,1,0,1
mannerisms,1,0,1
manners,1,1,2
manny,2,0,2
mans,3,2,5
manship,0,1,1
mansion,3,0,3
mansions,1,0,1
mantis,1,0,1
mantra,2,1,3
manufactured,0,1,1
manufacturers,2,0,2
manufacturing,1,1,2
many,159,75,234
mao,0,2,2
maoist,0,1,1
map,5,0,5
maple,1,0,1
maps,3,0,3
marc,1,0,1
march,9,4,13
marches,2,2,4
marching,3,1,4
marco,2,0,2
marcus,0,1,1
marcy,0,1,1
margaret,2,0,2
margin,0,1,1
marginalizing,1,1,2
maria,1,1,2
maricopa,0,1,1
marie,3,0,3
marijuana,0,5,5
marin,1,0,1
marine,1,0,1
marines,2,0,2
mario,0,1,1
mariota,1,0,1
mark,17,6,23
marked,0,1,1
markedly,0,1,1
marker,0,1,1
markers,0,1,1
market,11,2,13
marketing,2,0,2
marketplace,3,0,3
markets,3,0,3
markey,1,0,1
marking,1,0,1
marks,1,0,1
marlow,0,1,1
marna,1,0,1
maroon,1,0,1
marooned,1,0,1
marr,1,0,1
marriage,5,2,7
married,6,5,11
marry,1,1,2
marrying,2,0,2
marsha,1,0,1
marshal,0,1,1
mart,0,1,1
martha,1,0,1
martial,1,0,1
martin,0,3,3
marvel,0,1,1
marvelous,1,0,1
marvollo,0,1,1
marxine,0,1,1
marxism,0,1,1
marxist,0,2,2
marxists,4,2,6
mary,5,0,5
maryland,4,0,4
masculinity,1,0,1
mask,3,1,4
masked,7,0,7
masks,5,5,10
mason,1,1,2
mass,21,20,41
massachussetts,1,0,1
massacred,2,1,3
masse,0,1,1
masses,2,2,4
massive,5,3,8
massively,1,0,1
master,10,1,11
masterbate,0,1,1
mastercard,1,0,1
mastered,1,0,1
mastermind,2,2,4
masterpiece,0,1,1
masters,1,1,2
masturbate,0,1,1
masturbation,0,2,2
mata,0,1,1
match,9,9,18
matches,4,2,6
matching,1,1,2
mate,6,2,8
mater,4,0,4
material,4,0,4
mates,2,0,2
matey,1,0,1
math,4,3,7
mathematical,1,0,1
mathematics,1,0,1
matrix,0,1,1
mats,1,0,1
matt,3,1,4
matter,55,32,87
mattered,1,1,2
mattering,0,1,1
matters,7,7,14
matthew,1,1,2
mattress,1,0,1
maturerity,1,0,1
maulis,1,0,1
mauser,0,1,1
maverick,1,0,1
max,4,3,7
maxi,2,0,2
maxime,3,0,3
maximum,2,0,2
maxine,14,6,20
may,81,33,114
maybach,0,1,1
maybe,99,58,157
mayhem,2,0,2
mayor,12,5,17
mayoral,2,0,2
mayweather,0,1,1
mazie,0,1,1
mazzie,1,0,1
mazzone,1,0,1
mbappe,1,0,1
mbasses,0,1,1
mc,1,0,1
mcbuckets,1,0,1
mccabe,2,0,2
mccain,4,2,6
mccarthy,1,0,1
mccarthyism,2,0,2
mccartney,0,2,2
mccaskill,1,0,1
mccleod,1,0,1
mcconnell,4,1,5
mcdaniel,0,1,1
mcdermott,4,0,4
mcdonald,1,1,2
mcdonalds,1,1,2
mcenroe,2,2,4
mcfartney,0,1,1
mcginnis,1,0,1
mcinnes,0,1,1
mckenna,1,0,1
mcnaughton,1,0,1
mcquaid,1,0,1
mcraven,1,0,1
mcsally,1,0,1
mctomminay,1,0,1
mcvays,0,1,1
md,0,1,1
me,433,231,664
meal,5,1,6
meals,2,0,2
mean,87,52,139
meaning,10,2,12
meaningful,2,0,2
meaningfully,1,0,1
meaningless,1,0,1
means,43,42,85
meansful,0,1,1
meant,17,9,26
meanwhile,4,3,7
measurable,0,1,1
measure,3,2,5
measurements,0,1,1
measures,13,3,16
meat,3,0,3
mechanical,2,0,2
mechanics,0,1,1
medalist,2,0,2
meddle,0,1,1
meddling,2,1,3
medi,0,1,1
media,68,37,105
mediation,1,0,1
medical,8,3,11
medically,2,1,3
medicare,4,6,10
medicating,1,0,1
medication,1,0,1
medications,1,0,1
medicine,2,0,2
medicines,1,0,1
mediocre,0,1,1
meditation,2,0,2
mediterranean,0,1,1
medium,0,1,1
meds,1,1,2
meee,1,0,1
meeeeeeee,1,0,1
meet,14,3,17
meeting,16,1,17
meetings,3,1,4
meets,1,0,1
mega,3,0,3
meghan,4,0,4
megumi,0,1,1
megy,1,0,1
megyn,1,0,1
meh,1,1,2
mehn,2,0,2
mei,1,0,1
mein,3,0,3
mel,1,0,1
melancholic,1,0,1
melania,3,1,4
melanie,1,0,1
melber,1,0,1
melbourne,1,0,1
melissa,2,1,3
melkor,1,0,1
melkshams,1,0,1
melt,2,1,3
meltdown,3,1,4
melting,4,0,4
membbbqers,1,0,1
member,25,10,35
members,23,15,38
membership,4,0,4
meme,13,4,17
memeber,1,0,1
memeing,1,0,1
memelord,1,0,1
memes,1,2,3
memoir,1,0,1
memorable,1,0,1
memorial,1,0,1
memories,1,0,1
memorize,1,0,1
memory,5,6,11
men,26,51,77
menace,1,1,2
menaces,1,0,1
menance,0,1,1
menapausal,0,1,1
mendes,1,0,1
menendez,1,0,1
menifee,1,0,1
menopausal,1,0,1
mens,1,0,1
mensch,1,0,1
mental,19,22,41
mentality,1,1,2
mentally,10,17,27
mention,18,5,23
mentioned,7,4,11
mentions,2,1,3
mentor,3,0,3
menu,0,1,1
meow,1,0,1
mep,2,0,2
meps,0,1,1
merch,0,4,4
merchandise,1,1,2
merci,1,0,1
mercifully,1,0,1
merck,0,1,1
mercury,1,0,1
mercy,1,1,2
mere,1,0,1
merely,5,1,6
merged,1,0,1
mergitur,1,0,1
meritorious,1,0,1
merits,1,1,2
merkel,2,0,2
merrick,0,2,2
merrill,1,0,1
merry,1,0,1
mesel,1,0,1
mess,7,12,19
message,18,6,24
messaged,1,0,1
messages,3,2,5
messed,4,3,7
messenger,0,2,2
messengers,0,1,1
messi,0,1,1
messiah,1,2,3
messiness,1,0,1
messsssss,0,1,1
met,18,6,24
meta,0,1,1
metal,3,1,4
metallic,1,0,1
metaphor,0,1,1
meteric,1,0,1
meth,1,2,3
methinks,1,0,1
method,4,1,5
methodical,1,0,1
methods,3,0,3
metis,1,0,1
metoo,4,4,8
metrics,1,0,1
mets,2,0,2
meuller,1,0,1
mews,1,0,1
mexican,1,3,4
mexicans,1,1,2
mexico,9,6,15
mf,1,1,2
mfs,1,2,3
mgk,1,2,3
mgm,2,0,2
mi,0,2,2
mia,1,0,1
mibr,1,0,1
mic,0,2,2
michael,11,7,18
micheal,2,0,2
micheladas,0,1,1
michelle,3,1,4
michigan,0,3,3
mickie,1,0,1
micro,0,1,1
microphone,1,0,1
microscopic,0,1,1
mid,7,3,10
midas,1,0,1
middle,17,8,25
middleton,2,0,2
midfield,2,0,2
midfielder,0,1,1
midget,2,0,2
midnight,0,1,1
midrand,1,0,1
midriff,0,1,1
midterm,4,1,5
midterms,7,8,15
midwest,3,0,3
mierdas,1,0,1
might,51,22,73
mightier,1,0,1
mighty,7,0,7
migraine,2,0,2
migrant,3,0,3
migrants,5,0,5
migration,3,0,3
mike,6,3,9
mil,2,0,2
milano,0,1,1
mild,2,0,2
mile,3,1,4
mileage,0,1,1
miles,2,0,2
milestone,1,0,1
miley,1,0,1
milf,1,0,1
milford,1,0,1
militant,3,1,4
military,23,12,35
militia,1,0,1
milk,10,1,11
millenium,0,1,1
millennials,1,2,3
millennium,1,2,3
miller,3,1,4
millfield,1,0,1
million,40,15,55
millionaire,3,3,6
millionaires,4,2,6
millions,19,11,30
millionth,1,0,1
milo,2,1,3
milquetoast,1,0,1
min,3,5,8
mincing,0,1,1
mind,46,32,78
minded,5,1,6
minding,0,1,1
mindless,1,1,2
mindmill,0,1,1
minds,11,11,22
mindset,2,2,4
mine,15,8,23
minecraft,1,0,1
mines,2,0,2
mineta,1,0,1
mingling,1,0,1
minh,1,0,1
mini,3,1,4
minimum,6,1,7
minion,1,0,1
minions,5,4,9
minister,5,1,6
ministers,1,0,1
minnesota,0,2,2
minor,2,2,4
minorities,13,3,16
minority,7,3,10
minors,1,1,2
mins,0,1,1
minsan,1,0,1
minstrel,2,1,3
minuets,1,0,1
minus,0,4,4
minute,13,9,22
minutes,15,2,17
miracle,3,0,3
miraculously,1,0,1
mirage,1,0,1
mire,1,0,1
miriam,0,1,1
mirror,5,4,9
mirrors,1,0,1
misandry,0,1,1
misanthropy,1,0,1
misappropriated,1,0,1
miscarriage,1,0,1
miscast,1,0,1
misconduct,5,3,8
misconstrued,1,0,1
miscreant,0,1,1
misdemeanors,0,1,1
misdirection,1,1,2
misdrawed,1,0,1
miserable,0,3,3
miserably,1,2,3
misery,1,2,3
misfits,1,0,1
misguided,1,1,2
misha,1,0,1
misinformation,1,1,2
misinformed,0,1,1
misinterpret,0,1,1
misinterpreted,1,0,1
misinterpreting,1,0,1
misleading,2,3,5
misled,2,0,2
misogynist,0,1,1
misogynistic,0,2,2
misogyny,2,2,4
misplaced,1,0,1
misread,1,0,1
misremembering,1,0,1
misrepresenting,0,1,1
miss,24,16,40
missed,16,6,22
misses,2,1,3
missile,1,1,2
missing,11,8,19
mission,7,2,9
missions,0,1,1
missles,0,1,1
missoula,1,0,1
missouri,2,0,2
misspelled,0,1,1
missus,0,1,1
missy,2,0,2
mista,1,0,1
mistake,9,6,15
mistaken,3,1,4
mistakenly,0,1,1
mistakes,1,0,1
mister,1,0,1
mistreated,1,0,1
mistreating,0,2,2
mistreatment,0,1,1
mistress,0,1,1
misunderstood,1,0,1
misuse,1,0,1
mitch,3,0,3
mitchell,0,1,1
mite,1,0,1
mitigating,1,0,1
miu,1,0,1
mix,5,2,7
mixed,3,1,4
mixes,0,1,1
mixing,1,0,1
mj,2,0,2
mk,1,0,1
mlb,1,0,1
mlm,0,1,1
mm,4,8,12
mma,1,0,1
mmm,0,1,1
mmmhm,0,1,1
mmmmmm,1,0,1
mmt,3,0,3
mmz,1,0,1
mn,3,2,5
mnuchin,0,1,1
mo,1,0,1
moan,0,1,1
moaning,0,2,2
mob,7,2,9
mobile,0,1,1
mobilize,0,2,2
mobilized,0,1,1
mobilizes,1,0,1
mobilizing,1,0,1
mobs,4,3,7
mock,2,5,7
mocked,1,2,3
mockery,0,1,1
mocking,2,3,5
mocks,1,0,1
mod,3,0,3
mode,2,1,3
model,14,5,19
modeled,1,0,1
modelling,1,0,1
models,1,2,3
moderate,5,3,8
moderately,1,0,1
moderates,2,2,4
moderating,1,0,1
moderation,1,0,1
modern,18,4,22
modernity,0,1,1
modest,2,0,2
modi,1,2,3
modified,1,0,1
moe,1,2,3
mof,1,0,1
moffats,1,0,1
mogg,2,0,2
moira,0,1,1
mold,3,0,3
molehill,1,0,1
molest,0,2,2
molestation,0,1,1
molested,0,2,2
molester,0,1,1
molestors,0,1,1
molina,1,0,1
mollie,1,0,1
molly,0,1,1
moly,1,0,1
mom,24,10,34
moment,24,13,37
moments,4,0,4
momentum,1,0,1
momma,1,1,2
mommie,1,0,1
mommies,1,0,1
mommy,3,3,6
mon,3,3,6
mona,1,0,1
monahan,0,1,1
monday,11,4,15
mondays,1,0,1
mondy,1,0,1
money,130,63,193
moneybags,1,0,1
monger,1,0,1
mongering,1,3,4
mongers,1,0,1
mongoose,1,0,1
monica,1,1,2
moniker,1,1,2
monique,1,0,1
monitoring,0,1,1
monkey,1,3,4
monkeying,1,0,1
monkeys,1,2,3
monolithic,1,0,1
monologue,0,1,1
monologues,1,0,1
monopoles,1,0,1
monopolies,1,0,1
monopoly,4,1,5
monsta,1,0,1
monster,2,9,11
monsters,0,1,1
montana,1,0,1
monte,1,1,2
montel,2,2,4
month,8,3,11
monthly,1,0,1
months,23,6,29
monuments,2,1,3
moochelle,1,0,1
mood,4,2,6
moon,3,0,3
moonbeam,2,0,2
moonves,0,1,1
moore,20,7,27
mooslim,1,0,1
mooslims,2,0,2
mope,1,0,1
moral,12,6,18
morality,2,3,5
morally,3,0,3
morals,6,7,13
more,399,202,601
moreso,1,0,1
morn,2,0,2
morneau,1,0,1
morning,15,5,20
moron,2,13,15
morons,1,11,12
morphe,1,1,2
morphed,1,0,1
morrison,1,0,1
morrow,1,0,1
morrows,1,0,1
mortgages,0,1,1
mos,0,1,1
moscow,2,0,2
moses,1,0,1
mosotho,2,0,2
mosque,1,0,1
moss,1,0,1
mossad,1,0,1
most,158,107,265
mostly,12,7,19
mother,15,12,27
motherfucker,1,0,1
motherfuckers,0,1,1
mothers,0,2,2
mothersful,0,1,1
motion,1,0,1
motions,2,0,2
motivate,2,0,2
motivated,4,0,4
motivates,1,0,1
motivating,0,1,1
motivation,2,0,2
motivations,1,0,1
motive,1,0,1
motives,1,4,5
motto,4,0,4
mount,1,0,1
mountain,4,0,4
mountains,1,0,1
mounties,0,1,1
mourning,1,0,1
mouse,2,0,2
moustache,1,0,1
mouth,14,22,36
mouthed,1,0,1
mouthpiece,0,1,1
mouthpieces,0,1,1
mouths,2,1,3
move,24,26,50
moved,8,3,11
movement,27,15,42
movements,1,0,1
moves,2,2,4
moveset,1,0,1
movie,12,5,17
moviepass,1,0,1
movies,7,6,13
moving,16,5,21
mp,9,3,12
mps,5,2,7
mr,31,15,46
mrs,7,0,7
ms,7,15,22
msd,1,0,1
msg,1,0,1
msm,20,11,31
msmedia,0,1,1
msn,1,0,1
msnbc,1,2,3
msp,1,0,1
msuthu,1,0,1
much,190,92,282
muck,0,2,2
muckspreader,1,0,1
mud,3,3,6
mueller,10,11,21
muffins,1,0,1
mug,1,1,2
muggin,0,1,1
mugs,1,0,1
mukalla,1,0,1
mukga,0,1,1
mulford,0,1,1
mullah,0,1,1
mulller,0,1,1
mulroney,1,1,2
multi,6,1,7
multibillion,1,0,1
multicultural,0,1,1
multimillion,1,0,1
multiple,10,1,11
multiplied,1,0,1
multiplying,0,1,1
multiversity,1,0,1
mum,2,1,3
mumbai,0,1,1
mumbles,1,0,1
mumbling,1,1,2
mumbojumbo,1,0,1
mummy,0,1,1
mumtaj,0,1,1
municipal,1,0,1
municipalities,1,0,1
muntu,1,0,1
muppet,0,1,1
murda,0,1,1
murder,18,18,36
murdered,10,10,20
murderer,2,4,6
murderers,2,1,3
murdering,1,1,2
murders,7,5,12
murdersers,0,1,1
murdoch,1,0,1
murdock,1,0,1
mure,1,0,1
murkowski,2,0,2
murples,1,0,1
musburger,1,0,1
muscle,1,2,3
muscles,1,0,1
museum,4,0,4
mushroom,0,2,2
mushrooms,0,1,1
music,8,9,17
musica,2,0,2
muslim,13,13,26
muslims,7,6,13
mussolini,1,1,2
must,95,44,139
mustache,1,0,1
mutated,1,0,1
mute,3,2,5
muted,1,3,4
muttafuttah,0,1,1
mutts,0,1,1
mutual,2,1,3
mutuals,1,0,1
muzzie,0,1,1
muzzle,1,1,2
mvp,4,0,4
mxm,0,1,1
my,501,256,757
myanmar,1,0,1
myers,0,1,1
myki,0,1,1
myriad,0,1,1
myrtle,1,0,1
myself,25,9,34
mysterious,2,0,2
myth,1,3,4
mythical,0,1,1
myths,0,1,1
myy,1,0,1
myyy,0,1,1
na,6,3,9
naaa,0,1,1
nachos,0,1,1
nafta,3,2,5
nah,6,4,10
naheru,1,0,1
nahhh,1,0,1
nahin,1,0,1
nail,1,5,6
nailed,2,1,3
nails,4,0,4
naive,6,1,7
nak,1,0,1
naked,1,2,3
nam,1,0,1
name,59,41,100
named,4,2,6
names,27,5,32
naming,0,3,3
namjoon,1,0,1
nan,1,0,1
nana,1,0,1
nancy,6,1,7
nanos,1,0,1
nansbabh,0,1,1
nao,1,0,1
naomi,1,1,2
nap,3,0,3
narative,1,0,1
narcissism,0,1,1
narcissist,0,8,8
narcissistic,3,1,4
narrative,9,9,18
narratives,2,0,2
narrator,1,0,1
narrow,0,2,2
naruto,1,0,1
nas,0,2,2
nasa,1,0,1
nascar,1,0,1
nash,0,1,1
nasks,1,0,1
nassar,1,0,1
nasty,0,7,7
natalie,1,0,1
natfednews,1,0,1
nation,36,14,50
national,18,9,27
nationalised,2,0,2
nationalism,2,2,4
nationalist,1,3,4
nationalists,3,1,4
nationality,2,0,2
nationalization,0,1,1
nationalized,1,0,1
nationally,4,0,4
nations,2,3,5
nationwide,2,1,3
native,3,5,8
natives,2,0,2
nats,1,0,1
natural,4,2,6
naturalisation,1,0,1
naturally,5,1,6
nature,2,2,4
natzi,0,1,1
nauseated,1,0,1
nauseous,1,0,1
naval,1,0,1
naw,1,1,2
naxal,1,0,1
naxine,1,0,1
nay,0,1,1
nazi,19,29,48
naziism,0,1,1
nazis,31,20,51
nazism,1,0,1
nba,1,1,2
nbc,2,1,3
nbd,0,1,1
nc,5,1,6
ncaa,2,0,2
nd,37,13,50
ndp,19,4,23
ndu,1,0,1
ne,1,0,1
neanderthals,1,0,1
near,8,4,12
nearly,6,6,12
neat,0,1,1
nebraska,0,2,2
nec,1,0,1
neccessarily,1,0,1
neccessary,0,1,1
necessarily,0,1,1
necessary,4,2,6
neck,3,2,5
necrophiliac,0,1,1
necular,0,1,1
nedia,1,0,1
need,238,123,361
needa,0,1,1
needed,19,4,23
needful,1,0,1
needing,2,0,2
needless,1,0,1
needlessly,1,0,1
needn,1,0,1
needs,93,57,150
needy,1,0,1
nefarious,1,1,2
neg,1,0,1
negarrrr,0,1,1
negatif,1,0,1
negative,10,7,17
negatively,0,1,1
negligence,0,1,1
negotiate,2,0,2
negotiating,4,1,5
negotiation,2,0,2
negotiations,4,1,5
negotiator,1,0,1
negroes,0,2,2
nehru,1,0,1
neighbor,1,0,1
neighborhood,1,0,1
neighborhoods,4,1,5
neighboring,1,0,1
neighbors,1,2,3
neighbourhoods,0,1,1
neill,1,0,1
neither,18,10,28
nellie,0,1,1
nelson,3,0,3
nemzet,0,1,1
neo,6,9,15
neocon,1,3,4
neoliberal,1,0,1
neoliberals,1,0,1
neonazis,0,2,2
nephew,1,0,1
neptune,1,0,1
nerd,0,2,2
nerfed,1,0,1
nero,1,0,1
nerve,2,6,8
nerves,1,1,2
nervous,1,0,1
nesn,1,0,1
nessasary,1,0,1
nestl,1,0,1
net,3,1,4
netflix,2,2,4
network,4,6,10
networks,1,0,1
neurorealist,1,0,1
neutered,1,0,1
neutral,5,0,5
neutrality,1,0,1
nevada,2,0,2
never,232,129,361
neverland,1,0,1
neverthelesssss,1,0,1
nevertrump,1,0,1
nevertrumpers,1,0,1
nevinbruce,1,0,1
new,152,28,180
newer,1,0,1
newest,1,1,2
newfound,1,0,1
newly,1,0,1
newman,1,1,2
news,77,44,121
newsletters,1,0,1
newsman,1,0,1
newspaper,1,1,2
newspeak,1,0,1
newsroom,1,0,1
newsweek,1,2,3
newsworthy,0,1,1
newtonian,1,0,1
newyork,1,0,1
next,84,33,117
neymar,1,0,1
nezha,0,1,1
nfl,32,18,50
nfw,0,1,1
ng,2,0,2
ngl,1,0,1
nguni,2,0,2
nh,0,2,2
nhs,5,2,7
ni,1,0,1
nibbling,1,0,1
nic,1,0,1
nicas,1,0,1
nicco,1,0,1
nice,42,12,54
nicely,3,0,3
nicer,0,1,1
niche,1,0,1
nichts,1,0,1
nick,2,1,3
nickelodeon,1,0,1
nicki,1,3,4
nicking,1,0,1
nickname,0,1,1
nicky,1,0,1
nics,1,0,1
nidus,0,1,1
niece,1,0,1
niedersachsen,1,0,1
nificient,1,0,1
nigerian,0,1,1
nigga,5,27,32
niggaaahhhh,1,0,1
niggah,1,0,1
niggas,3,15,18
niggaz,0,1,1
nigger,1,3,4
niggers,1,0,1
night,32,15,47
nightmare,1,5,6
nightmares,1,0,1
nights,1,1,2
nik,1,0,1
nike,19,4,23
niki,0,1,1
nikki,3,0,3
niko,1,0,1
nile,1,0,1
nina,4,0,4
nine,2,1,3
niners,0,1,1
ning,1,0,1
ninja,2,2,4
nintendo,2,1,3
nipigon,1,0,1
nips,1,0,1
nitwit,0,1,1
nixon,3,2,5
nj,5,0,5
nk,1,1,2
nly,2,0,2
nme,1,0,1
nnor,0,1,1
no,542,334,876
nob,1,0,1
nobama,1,0,1
nobel,2,0,2
noble,0,1,1
nobodies,1,0,1
nobody,19,23,42
nod,1,0,1
nods,0,1,1
noes,0,1,1
noise,1,0,1
nola,1,0,1
nom,2,0,2
nomics,1,0,1
nominated,2,4,6
nominatin,0,1,1
nominating,1,1,2
nomination,12,3,15
nominee,8,5,13
nominees,2,1,3
nomnom,1,0,1
non,29,14,43
noncreditable,0,1,1
none,27,8,35
nono,1,0,1
nonono,0,1,1
nonpresidential,0,1,1
nonprofits,1,1,2
nonsense,13,14,27
nonsensical,2,0,2
noo,0,1,1
noodles,1,0,1
nooo,1,0,1
nooooo,0,1,1
noooooooo,0,1,1
nooooos,1,0,1
nooses,1,1,2
nope,11,5,16
nor,10,9,19
norm,5,3,8
normal,15,6,21
normality,1,0,1
normalized,0,1,1
normalizing,1,0,1
normally,1,1,2
norman,1,1,2
normie,1,0,1
norms,0,1,1
north,12,4,16
northern,2,1,3
northwestern,0,1,1
nose,3,7,10
nosedive,1,0,1
noses,3,0,3
nostalgia,0,1,1
not,1931,1031,2962
notable,1,0,1
notably,1,0,1
notch,1,0,1
note,11,1,12
notebook,1,0,1
noted,2,0,2
notes,2,1,3
nothing,117,106,223
nothingburger,1,0,1
notice,15,4,19
noticed,9,5,14
notices,1,0,1
noticing,2,0,2
notificed,1,0,1
notified,2,0,2
noting,3,0,3
notion,3,0,3
notions,0,1,1
notong,1,0,1
notorious,1,1,2
notoriously,1,0,1
nou,2,0,2
noun,1,0,1
nov,8,3,11
nova,1,1,2
nove,1,0,1
novel,1,0,1
novels,2,0,2
november,22,9,31
novemeber,1,0,1
novice,1,0,1
now,387,178,565
nowadays,3,0,3
nowhere,3,3,6
nowheresland,1,0,1
npa,1,0,1
npr,0,1,1
nra,58,31,89
ns,0,1,1
nsa,2,2,4
nsl,1,0,1
nsmbu,1,0,1
ntknetwork,1,1,2
nu,1,0,1
nuance,2,0,2
nuanced,1,0,1
nuances,2,0,2
nubes,1,0,1
nuclear,2,3,5
nude,0,1,1
nuetral,0,1,1
nuff,1,0,1
nuggets,1,0,1
nuisances,0,1,1
nuke,1,0,1
nuked,0,1,1
nukes,2,1,3
nullifies,1,0,1
number,22,7,29
numbered,0,1,1
numbers,21,9,30
numerous,3,2,5
nuncio,1,0,1
nunes,5,2,7
nunez,1,0,1
nuns,1,0,1
nuremberg,1,0,1
nurse,1,1,2
nurses,0,1,1
nut,10,10,20
nutbags,1,0,1
nutbar,1,0,1
nutcases,0,2,2
nutjob,0,2,2
nutjobs,0,2,2
nutrition,1,0,1
nuts,8,16,24
nutted,1,0,1
nutty,1,2,3
nv,1,0,1
nvestigated,1,0,1
nvm,1,2,3
nwo,2,2,4
nwot,1,0,1
ny,6,4,10
nyc,4,1,5
nye,1,0,1
nyjer,1,0,1
nymphet,1,0,1
nyt,3,1,4
nytimes,1,0,1
oak,0,1,1
oakland,1,1,2
oakwood,1,0,1
oasis,1,0,1
oath,13,5,18
oatmeal,1,0,1
oba,0,1,1
obama,69,67,136
obamacare,2,0,2
obamas,4,1,5
obese,0,2,2
obesity,1,1,2
obey,6,4,10
obfuscate,0,1,1
object,1,1,2
objective,4,0,4
objectively,0,1,1
objects,3,0,3
obligated,1,0,1
oblige,2,0,2
obliged,1,0,1
oblivion,1,0,1
oblivious,1,0,1
obnoxious,2,1,3
oboma,1,0,1
obozo,3,0,3
obscene,1,0,1
obscenities,1,0,1
obscures,2,0,2
observation,1,0,1
observations,2,0,2
observe,1,0,1
observed,1,0,1
obsessed,7,4,11
obsession,0,4,4
obsolete,0,1,1
obstacles,2,0,2
obstruct,2,0,2
obstructing,2,0,2
obstruction,5,1,6
obstructionist,2,1,3
obstructionists,0,1,1
obstructive,1,0,1
obtain,1,2,3
obtaining,2,0,2
obumer,0,1,1
obummer,1,0,1
obvio,1,0,1
obvious,12,15,27
obviously,23,19,42
oc,0,2,2
ocasio,1,1,2
occasion,1,0,1
occasionally,5,1,6
occasions,3,0,3
occupation,1,0,1
occupier,0,1,1
occupy,2,1,3
occur,2,3,5
occurrance,1,0,1
occurred,5,1,6
occurring,0,1,1
occurs,0,1,1
ocd,0,1,1
oct,3,1,4
october,3,1,4
od,1,0,1
odd,5,3,8
oddest,1,0,1
oddly,1,1,2
odds,2,0,2
ode,0,1,1
odia,0,1,1
of,2460,1374,3834
ofa,0,1,1
off,110,92,202
offence,2,0,2
offend,2,2,4
offended,4,2,6
offender,1,1,2
offenders,0,5,5
offends,1,1,2
offense,3,4,7
offenses,1,1,2
offensive,6,5,11
offer,7,4,11
offered,7,1,8
offering,5,0,5
offerings,1,0,1
offers,5,2,7
offf,2,0,2
office,22,26,48
officer,2,5,7
officers,9,0,9
offices,2,0,2
official,5,5,10
officially,2,1,3
officials,4,4,8
offre,1,0,1
offset,1,0,1
offshore,3,0,3
often,13,5,18
og,3,1,4
oga,0,1,1
oh,89,73,162
ohh,1,1,2
ohhhh,0,1,1
ohhhhhh,0,1,1
ohhhjhhh,1,0,1
ohio,2,0,2
ohr,0,1,1
oif,1,0,1
oil,6,2,8
oink,1,0,1
oj,0,1,1
ok,67,29,96
okabe,1,0,1
okai,1,0,1
okay,23,6,29
oklahoma,3,0,3
ol,5,1,6
old,96,65,161
older,5,1,6
oldest,2,1,3
olds,1,0,1
ole,3,4,7
oligarchies,0,1,1
oligarchs,2,0,2
oligarchy,1,0,1
olive,2,0,2
oliver,0,1,1
olivers,1,0,1
olivia,2,0,2
olympic,2,0,2
om,0,1,1
omar,1,0,1
omarosa,1,0,1
omega,1,0,1
omen,0,1,1
omfg,3,1,4
omg,28,17,45
omggggggg,1,0,1
omnibus,1,0,1
omportant,1,0,1
omygod,1,0,1
on,1136,569,1705
ona,1,0,1
once,38,29,67
oncologist,1,0,1
oncve,1,0,1
one,421,225,646
ones,41,23,64
oneself,1,0,1
ong,1,0,1
ongly,1,0,1
ongoing,3,1,4
onion,1,0,1
online,7,2,9
only,285,141,426
onna,2,0,2
onomy,0,1,1
ont,2,0,2
ontarians,1,0,1
ontario,13,1,14
onto,9,1,10
onward,0,1,1
onya,0,1,1
oobleck,1,0,1
oof,1,0,1
ooh,4,0,4
ooks,0,1,1
oompa,1,0,1
ooooh,1,0,1
oooohohohohohoh,1,0,1
ooooo,0,1,1
ooops,0,1,1
oop,1,0,1
oops,6,1,7
op,10,4,14
ope,1,0,1
open,37,28,65
openborders,0,1,1
opened,8,0,8
opener,1,0,1
opening,2,0,2
openly,7,4,11
openness,2,0,2
opens,3,4,7
operate,0,3,3
operating,1,1,2
operation,1,0,1
operations,2,0,2
operative,1,3,4
opertiunist,0,1,1
opertunist,0,1,1
ophelia,1,0,1
opinion,28,12,40
opinions,3,5,8
opioids,0,1,1
opium,2,0,2
oppa,2,0,2
opperman,1,0,1
opponent,5,2,7
opponents,4,2,6
opportunist,1,5,6
opportunistic,1,2,3
opportunities,3,2,5
opportunity,7,3,10
oppose,3,1,4
opposed,9,2,11
opposes,2,0,2
opposing,6,4,10
opposite,8,4,12
opposites,1,0,1
opposition,13,3,16
oppotunity,1,0,1
oppress,2,0,2
oppressed,2,1,3
oppression,0,2,2
oppressive,0,2,2
oppressor,1,0,1
oprah,1,0,1
opressors,1,0,1
ops,1,1,2
opt,1,0,1
opted,1,2,3
optic,0,1,1
optics,2,1,3
optimism,2,0,2
optimist,1,0,1
option,16,2,18
optional,1,1,2
options,4,0,4
or,465,288,753
oral,1,0,1
orange,5,2,7
oranges,1,1,2
orangutans,1,0,1
orban,4,0,4
orbis,1,0,1
orbit,1,0,1
orc,0,1,1
orcastrated,0,1,1
orchestrated,0,1,1
orcs,0,1,1
order,21,15,36
ordered,2,2,4
ordering,1,1,2
orders,5,5,10
ordinary,5,1,6
ordner,1,0,1
oregon,3,0,3
oresident,1,0,1
org,3,2,5
organisation,3,0,3
organisational,1,0,1
organisations,1,0,1
organised,2,0,2
organiser,0,1,1
organisers,1,0,1
organization,13,13,26
organizations,5,1,6
organize,1,0,1
organized,4,1,5
organizer,2,0,2
organizers,1,0,1
organizing,2,0,2
organs,0,1,1
orgasim,0,1,1
orgs,1,2,3
orientation,0,1,1
orientations,1,0,1
oriented,1,0,1
origin,0,1,1
original,9,6,15
originalism,1,0,1
originally,3,2,5
origins,3,0,3
orin,1,0,1
orlando,1,0,1
oroshimaru,1,0,1
orourke,0,1,1
orr,1,0,1
orrin,2,1,3
orthodox,1,0,1
orton,1,1,2
orwell,2,0,2
orwellian,1,0,1
os,1,0,1
osaka,2,0,2
osama,1,0,1
osbourne,1,0,1
oscar,2,0,2
oss,1,0,1
ost,1,0,1
ostensivly,1,0,1
ostracized,1,0,1
ostrich,1,1,2
osu,0,2,2
osuite,0,1,1
osuna,0,2,2
ot,2,0,2
other,166,113,279
others,42,15,57
otherwise,12,6,18
otoh,0,1,1
ottawa,1,1,2
ouch,2,2,4
ought,2,1,3
oughta,1,0,1
ounce,3,0,3
our,317,146,463
ourcountry,0,1,1
ours,2,1,3
ourselves,9,2,11
oust,1,2,3
ousted,0,1,1
out,423,274,697
outage,1,0,1
outages,1,0,1
outburst,1,0,1
outcome,1,3,4
outcry,0,1,1
outdated,1,0,1
outdone,0,1,1
outdoors,1,0,1
outed,1,0,1
outfit,2,2,4
outing,3,0,3
outlandish,1,0,1
outlaw,1,0,1
outlawed,0,1,1
outlaws,0,1,1
outlets,2,0,2
outlier,1,0,1
outnumber,3,0,3
outplayed,0,2,2
outrage,6,12,18
outraged,7,2,9
outrageous,2,0,2
outraising,1,0,1
outrank,1,0,1
outright,2,1,3
outs,1,1,2
outshined,1,0,1
outside,12,9,21
outsider,0,1,1
outsiders,1,0,1
outspoken,1,0,1
outstanding,2,0,2
outta,3,3,6
outward,1,0,1
ovation,1,0,1
ovens,0,1,1
over,187,101,288
overall,8,2,10
overbearing,1,1,2
overbite,0,1,1
overcome,6,0,6
overdose,0,1,1
overdosed,2,0,2
overdue,1,0,1
overgeneralization,1,0,1
overheard,1,0,1
overhyped,0,1,1
overlook,0,2,2
overlooked,1,0,1
overlooking,1,0,1
overlords,0,1,1
overly,1,0,1
overpaid,1,1,2
overrated,2,1,3
override,1,0,1
overriding,1,2,3
overrun,2,2,4
overs,1,0,1
overseas,1,0,1
oversight,1,0,1
overstate,1,0,1
overstating,0,1,1
overtime,1,0,1
overton,1,0,1
overturn,0,1,1
overturned,2,1,3
overturning,0,1,1
overturns,2,0,2
overused,0,1,1
overview,1,0,1
overwatch,0,1,1
overwhelming,2,0,2
overwhelmingly,2,0,2
ovomit,1,0,1
ow,1,0,1
owe,3,2,5
owed,1,0,1
owellian,1,0,1
owen,0,1,1
owened,0,1,1
owens,2,2,4
owes,3,2,5
owl,1,0,1
own,82,65,147
owned,3,2,5
owner,9,3,12
owners,12,4,16
ownership,12,6,18
owning,2,2,4
owns,5,3,8
ows,2,0,2
oxford,1,0,1
oxygen,1,0,1
oxymoron,2,0,2
oy,0,1,1
oyela,1,0,1
oyster,1,0,1
pa,1,0,1
pac,2,2,4
pace,1,1,2
paced,1,0,1
pacific,3,0,3
pacified,0,1,1
pacifiers,1,0,1
pacing,0,1,1
pack,3,2,5
package,3,0,3
packaged,0,1,1
packed,1,1,2
packer,1,1,2
packet,1,0,1
packing,4,1,5
paddle,1,0,1
padega,1,0,1
paedophiles,0,1,1
paedophilia,0,1,1
pagan,0,1,1
page,8,7,15
pageant,1,0,1
pages,1,1,2
pahh,0,1,1
paid,37,25,62
pain,7,5,12
painful,2,2,4
paint,4,2,6
painted,1,0,1
painter,1,0,1
painting,1,2,3
pair,6,2,8
paired,0,1,1
pairs,0,1,1
pakistan,4,0,4
pakistani,0,5,5
pal,4,2,6
palace,1,0,1
paladino,0,1,1
palatable,1,0,1
palate,0,1,1
pale,2,1,3
palestine,2,0,2
palestinians,0,1,1
palin,1,1,2
palled,0,1,1
pallets,3,1,4
palm,2,0,2
palmer,1,0,1
palpable,2,0,2
palpitations,0,1,1
pals,1,2,3
paltry,0,1,1
pam,1,0,1
pampered,1,0,1
pamphlet,1,0,1
panda,1,0,1
pander,1,1,2
pandering,2,1,3
pandits,0,1,1
panel,3,0,3
panels,1,0,1
panera,1,0,1
panic,5,1,6
panicking,2,0,2
pansies,1,0,1
pansy,1,0,1
panthers,4,5,9
panties,0,1,1
pants,3,12,15
papacy,0,1,1
paper,6,9,15
paperback,1,0,1
papercup,1,0,1
papers,0,2,2
paperwork,1,0,1
pappy,0,2,2
par,1,2,3
parade,3,0,3
parades,0,1,1
paradox,1,0,1
paragon,1,0,1
parallel,1,0,1
paramilitary,3,0,3
paramount,1,0,1
paranoid,1,2,3
parasite,0,2,2
parasites,0,1,1
parasitic,1,1,2
paratroopers,1,0,1
pardon,4,3,7
pare,1,0,1
parent,7,1,8
parenthood,3,3,6
parenting,1,0,1
parents,27,6,33
paris,5,1,6
park,4,3,7
parking,1,1,2
parkland,8,1,9
parlay,2,0,2
parlaying,1,0,1
parliament,3,2,5
parody,0,2,2
parole,1,0,1
parris,1,0,1
parrishes,1,0,1
parrot,1,2,3
parroting,0,2,2
parse,1,0,1
part,82,38,120
partaken,1,0,1
parted,1,0,1
partial,0,1,1
partially,1,0,1
participate,4,1,5
participated,1,0,1
participation,1,1,2
particratic,0,1,1
particular,8,1,9
particularly,2,0,2
partiers,1,0,1
parties,12,0,12
parting,1,0,1
partisan,7,1,8
partisans,0,1,1
partly,2,0,2
partner,7,1,8
partnered,1,0,1
partnering,2,1,3
partners,1,1,2
partnership,3,0,3
partnerships,5,0,5
parts,4,0,4
party,156,91,247
partyvery,1,0,1
pas,1,0,1
pass,21,14,35
passage,1,0,1
passed,15,8,23
passenger,1,0,1
passer,1,0,1
passes,7,1,8
passing,6,0,6
passion,3,0,3
passionate,5,0,5
passionately,1,0,1
passions,1,0,1
passive,1,0,1
passively,0,1,1
passport,0,2,2
passports,1,0,1
passrusher,1,0,1
past,32,16,48
paste,2,0,2
pastime,1,0,1
pasting,2,0,2
pastor,0,1,1
pastry,1,0,1
pat,1,0,1
patch,2,1,3
patches,1,0,1
patchmade,0,1,1
patchouly,1,0,1
path,6,3,9
pathalogical,1,0,1
pathetic,6,18,24
pathological,0,2,2
pathologist,1,0,1
paths,1,0,1
pathway,1,0,1
patience,2,0,2
patient,3,3,6
patients,1,0,1
patreon,0,1,1
patriachy,1,0,1
patricia,1,0,1
patrick,0,1,1
patriot,11,3,14
patriotic,3,2,5
patriotism,3,1,4
patriots,39,6,45
patrol,2,1,3
patronizing,1,0,1
pats,1,1,2
pattern,6,3,9
patterned,1,0,1
patterns,2,0,2
patting,0,1,1
patty,2,0,2
paul,12,4,16
pauly,1,0,1
pause,1,0,1
pavlovian,0,1,1
pawn,2,2,4
paws,1,0,1
pay,43,29,72
payback,1,0,1
paycheck,3,2,5
payday,1,1,2
payed,1,0,1
payer,2,1,3
payers,4,2,6
paying,13,12,25
payment,2,0,2
payoff,1,0,1
payoffs,1,1,2
payroll,1,3,4
pays,4,6,10
pbs,1,1,2
pc,13,3,16
pcs,1,0,1
pd,0,5,5
pdp,1,0,1
pe,1,1,2
pea,1,0,1
peace,10,5,15
peaceful,13,3,16
peacefully,4,0,4
peacemaker,0,1,1
peach,2,0,2
peak,0,2,2
peaked,1,0,1
peaking,1,0,1
peanut,0,1,1
pearl,1,0,1
pearls,1,0,1
pecking,1,0,1
pecks,1,0,1
pedaling,0,1,1
peddle,0,1,1
peddling,0,1,1
pedestal,1,1,2
pediphiles,1,0,1
pedo,2,7,9
pedofiles,1,2,3
pedophelia,1,0,1
pedophile,2,4,6
pedophiles,1,6,7
pedophilia,2,0,2
pedophlia,0,1,1
pedos,2,0,2
pee,0,3,3
peed,0,1,1
peep,3,0,3
peeps,2,1,3
peers,2,0,2
peewee,0,1,1
peg,1,0,1
pegged,1,0,1
peiple,0,1,1
pelosi,8,2,10
pen,4,1,5
penalized,2,2,4
penalizing,1,0,1
penalties,1,0,1
penalty,5,3,8
pence,1,0,1
penchant,0,1,1
pencil,1,0,1
penis,1,6,7
penn,2,1,3
penny,0,2,2
pense,0,1,1
pension,1,0,1
pensions,1,2,3
penspeaks,1,0,1
pentagon,0,1,1
penthouse,1,1,2
peopl,0,1,1
people,543,380,923
peoplekind,0,1,1
peoples,6,3,9
pepper,1,1,2
peppermint,1,0,1
pepsi,1,0,1
per,13,2,15
perceive,1,0,1
perceived,0,3,3
perceives,0,1,1
percent,5,3,8
percentage,2,1,3
percentile,1,0,1
perception,1,0,1
perceptions,1,0,1
perceptive,2,0,2
perennial,1,0,1
perennially,0,1,1
perfect,31,11,42
perfectionist,1,0,1
perfectly,6,0,6
perfidy,0,1,1
perform,1,0,1
performed,1,0,1
performer,1,1,2
performers,1,0,1
performs,1,0,1
perhaps,17,13,30
peril,1,0,1
period,10,7,17
periods,1,0,1
perjure,2,0,2
perjurer,1,1,2
perjury,3,2,5
perks,0,1,1
permanent,3,0,3
permanently,2,1,3
permission,5,0,5
permit,2,2,4
permitted,1,1,2
pernickety,0,1,1
perp,2,0,2
perpetrated,2,0,2
perpetrator,2,1,3
perpetuate,3,1,4
perpetuating,0,1,1
perplexed,1,0,1
perry,0,1,1
pers,0,1,1
persecuted,0,1,1
persecution,2,2,4
perseverance,0,1,1
persistance,1,0,1
person,104,47,151
persona,1,2,3
personable,1,0,1
personal,17,10,27
personality,7,0,7
personally,11,10,21
personified,0,1,1
personnel,1,3,4
persons,4,1,5
perspective,6,1,7
persuaded,0,1,1
persuasion,1,0,1
persuasive,1,0,1
pertain,1,0,1
peruse,1,0,1
perv,0,2,2
perverse,0,1,1
pervert,0,6,6
perverted,1,4,5
perverts,0,1,1
pervs,1,0,1
pesky,3,0,3
pet,4,0,4
peta,1,0,1
peter,1,2,3
petersen,1,0,1
peterson,3,0,3
petition,2,0,2
pets,0,1,1
petty,2,3,5
petulant,1,0,1
peyton,1,0,1
pfffft,0,1,1
pffft,1,0,1
pg,1,0,1
ph,1,0,1
phantom,0,1,1
pharisees,0,1,1
pharma,3,2,5
pharmacist,1,0,1
pharmacists,1,0,1
phase,1,0,1
phasing,0,1,1
phd,2,0,2
phds,1,0,1
phenomenon,1,0,1
phenominon,1,0,1
phil,1,0,1
philippine,2,0,2
philippines,2,0,2
phillies,1,0,1
philly,1,2,3
philosophically,0,1,1
philosophy,9,0,9
phinnaly,1,0,1
phobes,1,0,1
phobia,0,1,1
phobic,1,0,1
phoenix,3,0,3
phone,14,7,21
phones,2,0,2
phoney,1,0,1
phony,2,9,11
phooey,0,1,1
photo,13,4,17
photographed,1,0,1
photographer,1,0,1
photography,1,0,1
photos,4,3,7
photoshop,1,1,2
photoshopped,2,0,2
phrase,4,0,4
phrases,1,1,2
phrasing,1,0,1
phx,0,1,1
phycho,1,0,1
physical,4,3,7
physically,4,6,10
physics,1,0,1
physique,1,0,1
pi,0,1,1
pic,16,7,23
picante,0,1,1
pick,19,11,30
picked,8,4,12
picker,1,0,1
picking,7,3,10
picks,3,2,5
pics,4,1,5
picture,23,3,26
pictured,1,0,1
pictures,11,3,14
picturing,0,1,1
pie,1,1,2
piece,16,27,43
pieces,5,3,8
pies,0,1,1
pig,2,7,9
pigeon,0,1,1
pigeons,0,1,1
piggy,3,0,3
pigs,2,5,7
pile,3,5,8
piling,1,0,1
pill,5,0,5
pillars,2,0,2
pilled,1,0,1
pillows,1,0,1
pills,1,3,4
pilots,1,0,1
pin,3,1,4
pinatas,1,0,1
pinch,1,0,1
pinche,1,0,1
pinched,0,1,1
pincushion,0,1,1
pineapple,1,0,1
ping,1,0,1
pink,6,3,9
pinko,2,0,2
pinned,1,1,2
pinochet,0,1,1
pins,1,1,2
pinstriped,1,0,1
pints,1,0,1
pioneer,1,0,1
pious,0,1,1
pipe,1,2,3
piped,1,0,1
pipes,2,0,2
pirate,3,0,3
pirates,2,0,2
pish,1,0,1
piss,4,7,11
pissed,5,2,7
pisses,2,3,5
pissing,4,5,9
pit,6,2,8
pitch,2,0,2
pitcher,1,0,1
pitchers,1,0,1
pitches,2,0,2
pitching,3,0,3
pitied,1,0,1
pitiful,3,2,5
pitt,1,2,3
pitted,1,0,1
pittis,1,0,1
pittsburgh,1,2,3
pity,2,1,3
pivot,3,1,4
pix,0,1,1
pizza,2,3,5
pizzas,0,1,1
pjw,1,0,1
pk,0,1,1
pkbritish,1,0,1
pl,2,1,3
placate,0,1,1
place,53,29,82
placed,1,2,3
places,9,2,11
placing,3,1,4
plagarism,1,0,1
plagiarized,1,0,1
plague,0,2,2
plagued,0,1,1
plaguing,1,0,1
plain,5,5,10
plainly,1,0,1
plan,29,12,41
plane,4,4,8
planes,1,0,1
planet,6,3,9
plank,1,1,2
planned,5,10,15
planning,4,4,8
plans,9,3,12
plant,6,2,8
plantation,0,2,2
plantations,0,1,1
planted,1,0,1
planting,1,0,1
plants,2,0,2
plasterd,1,0,1
plastic,4,1,5
plate,2,0,2
plateful,1,0,1
platform,13,12,25
platforming,0,1,1
platforms,1,5,6
platoon,1,0,1
platter,1,0,1
plausible,0,1,1
play,46,30,76
playable,1,0,1
playbook,4,9,13
playboy,0,1,1
played,16,8,24
player,24,7,31
players,18,4,22
playful,1,0,1
playfully,1,0,1
playin,1,1,2
playing,34,26,60
playlist,3,0,3
playoffs,2,0,2
plays,6,2,8
plea,1,0,1
plead,1,0,1
pleading,1,0,1
pleas,1,0,1
pleasant,1,1,2
please,149,52,201
pleased,3,1,4
pleaseeeeee,1,0,1
pleaser,1,0,1
pleases,1,1,2
pleasure,3,0,3
pleaz,1,0,1
pledging,0,1,1
pleeease,1,0,1
plelleeaaaaseeeee,1,0,1
plenty,8,10,18
plessy,1,0,1
plethora,1,0,1
plot,2,2,4
plots,1,0,1
ploy,5,1,6
pls,4,3,7
plug,1,3,4
plum,1,0,1
plumber,1,0,1
plummet,1,0,1
plummeted,1,0,1
plummets,1,0,1
plundered,1,0,1
plunge,1,0,1
plus,21,2,23
plz,1,1,2
pm,18,8,26
pmb,0,1,1
pmjt,1,0,1
pms,1,0,1
po,2,0,2
poc,3,2,5
pocket,6,3,9
pockets,3,3,6
pod,0,1,1
podcast,3,0,3
podcasters,1,0,1
podcastful,0,1,1
podcasting,1,0,1
podesta,0,2,2
podium,1,0,1
pods,1,0,1
poet,1,0,1
poetic,2,0,2
pog,1,0,1
pogba,0,1,1
point,88,43,131
pointed,1,0,1
pointing,7,6,13
pointless,3,3,6
points,12,9,21
poison,2,1,3
poisonous,1,1,2
poisons,1,0,1
poitician,1,0,1
poiting,1,0,1
pokemon,2,0,2
poker,1,0,1
pokey,1,0,1
pol,1,0,1
poland,2,2,4
polanski,1,0,1
polar,1,1,2
pole,3,1,4
poles,1,0,1
policallly,1,0,1
police,38,34,72
polices,1,0,1
policies,29,13,42
policing,2,0,2
policiy,0,1,1
policy,13,11,24
polish,2,2,4
polit,1,0,1
polite,4,1,5
politely,0,2,2
political,63,38,101
politically,16,7,23
politician,11,7,18
politicians,20,13,33
politicize,1,1,2
politicized,2,0,2
politicizing,3,0,3
politico,1,1,2
politics,33,27,60
polititians,0,1,1
poll,10,2,12
polled,0,1,1
polling,2,1,3
polls,17,6,23
pollute,0,1,1
polluters,1,0,1
polluting,1,0,1
pollution,1,0,1
pollutors,0,1,1
pols,1,0,1
polsi,0,1,1
poltics,1,0,1
polutician,0,1,1
poly,1,0,1
polyester,1,0,1
polygraph,4,3,7
polygrapher,1,0,1
polygraphs,1,0,1
polytechno,1,0,1
pomeranian,1,0,1
pompeo,1,0,1
pond,1,0,1
ponder,2,0,2
pong,1,0,1
ponies,0,1,1
pooey,1,0,1
poof,0,1,1
pooky,1,0,1
pool,3,3,6
pools,1,0,1
poontang,1,0,1
poop,1,3,4
poopy,0,1,1
poor,26,20,46
poorer,0,1,1
poorest,0,1,1
poorly,3,2,5
pop,3,3,6
pope,13,17,30
popin,0,1,1
popped,0,3,3
popper,1,0,1
poppin,0,1,1
popping,0,1,1
poppy,1,0,1
pops,2,1,3
populace,0,2,2
popular,9,7,16
popularist,1,0,1
popularity,1,0,1
populated,2,0,2
population,5,5,10
populations,1,0,1
populism,4,0,4
populists,0,1,1
porch,1,0,1
porn,4,13,17
pornhub,0,1,1
pornography,0,1,1
pornstar,0,1,1
porrany,1,0,1
port,1,0,1
ported,1,0,1
porters,0,1,1
portfolio,0,1,1
portion,3,3,6
portland,1,0,1
portrait,2,0,2
portray,1,1,2
portraying,1,2,3
portrays,1,1,2
portugal,1,0,1
pos,5,13,18
pose,0,2,2
posed,1,0,1
poses,0,1,1
posh,0,1,1
posing,1,0,1
position,30,6,36
positioning,1,0,1
positions,5,4,9
positive,7,5,12
possess,3,1,4
possessed,3,1,4
possession,2,1,3
possessor,0,1,1
possibility,2,2,4
possible,14,8,22
possibly,6,2,8
possive,1,0,1
post,29,17,46
postal,1,0,1
postcard,1,0,1
posted,9,4,13
poster,7,4,11
posterity,0,1,1
posters,1,0,1
posting,10,6,16
postpone,0,1,1
postponed,1,0,1
postponing,0,1,1
posts,3,5,8
posturing,0,1,1
pot,9,9,18
potato,1,0,1
potential,7,0,7
potentially,3,3,6
potion,1,0,1
potter,4,0,4
potters,1,0,1
potus,19,16,35
pounce,1,2,3
pound,2,0,2
pounded,0,1,1
pounds,2,2,4
pour,2,1,3
pouring,1,0,1
pov,2,0,2
poverty,4,5,9
powdering,0,1,1
power,65,39,104
powered,1,0,1
powerful,9,6,15
powerless,0,1,1
powerprayers,2,0,2
powers,5,3,8
pp,2,0,2
ppc,3,0,3
ppl,27,22,49
pple,3,0,3
ppls,0,3,3
ppp,1,0,1
pr,9,12,21
praaaaaaaaayeer,1,0,1
practical,1,0,1
practice,5,4,9
practices,2,0,2
practise,1,0,1
prager,0,1,1
praise,3,3,6
praised,2,0,2
praises,1,0,1
prasident,1,0,1
pray,11,2,13
prayed,1,0,1
prayer,2,1,3
prayerfully,0,1,1
prayers,13,3,16
praying,6,1,7
prays,2,0,2
prc,1,0,1
pre,2,1,3
preach,3,6,9
preached,2,0,2
preacher,1,0,1
preachers,1,0,1
preaches,1,0,1
preaching,4,0,4
precautions,0,1,1
precedent,2,1,3
precinct,0,1,1
precious,4,3,7
precipice,1,0,1
precisely,2,0,2
predator,4,5,9
predators,1,3,4
predatory,2,1,3
predict,1,1,2
predictable,3,2,5
predicted,0,1,1
prediction,1,0,1
predictions,1,0,1
predictors,1,0,1
predominantly,0,1,1
predominately,1,0,1
prefabricated,1,0,1
prefectural,1,0,1
prefer,12,2,14
preference,0,1,1
preferred,2,1,3
preferring,0,1,1
pregnancies,1,0,1
pregnancy,3,2,5
pregnant,3,2,5
prejudice,6,0,6
prejudices,1,0,1
preller,1,0,1
prelude,1,0,1
premediated,0,1,1
premeditated,0,1,1
premeditation,1,0,1
premier,2,1,3
premise,2,0,2
preorder,2,0,2
prepare,1,1,2
prepared,9,2,11
preparedness,1,0,1
preparing,1,0,1
prepositions,1,0,1
preposterous,1,1,2
prepping,2,0,2
prepwork,1,0,1
pres,2,5,7
prescott,1,0,1
prescreening,0,1,1
prescription,1,0,1
preseason,2,0,2
presedent,1,0,1
presence,4,2,6
present,8,1,9
presentation,3,1,4
presented,3,1,4
presenters,1,0,1
presenting,3,0,3
preserve,2,1,3
preserving,1,0,1
presidency,11,4,15
president,156,90,246
presidente,0,1,1
presidential,5,4,9
presidents,3,2,5
presidnet,1,0,1
presidrnt,1,0,1
press,12,4,16
pressed,1,0,1
pressing,2,0,2
pressure,7,2,9
pressuring,0,1,1
prestigious,0,1,1
preston,1,0,1
presumably,1,1,2
presume,0,2,2
presumed,2,0,2
presuming,1,0,1
presumption,1,1,2
pretend,8,3,11
pretended,0,3,3
pretending,3,8,11
pretends,0,2,2
pretentious,0,1,1
prettier,1,1,2
prettiest,2,0,2
pretty,63,25,88
prevail,0,2,2
prevalent,0,1,1
prevent,11,6,17
preventable,1,1,2
prevented,2,2,4
preventing,0,3,3
prevention,0,1,1
prevents,2,1,3
preview,0,1,1
previous,9,1,10
previously,2,0,2
prey,2,1,3
prez,1,0,1
price,13,1,14
priced,2,0,2
priceless,5,1,6
prices,5,0,5
prick,0,1,1
pride,2,1,3
priest,1,0,1
priesthood,2,0,2
priests,0,2,2
prima,1,1,2
primadonnas,0,1,1
primarily,2,1,3
primary,8,1,9
primatives,1,0,1
prime,7,5,12
prince,4,2,6
princess,2,1,3
principal,4,0,4
principaled,1,0,1
principle,4,0,4
principled,6,1,7
principles,4,1,5
print,3,2,5
printed,1,0,1
printer,0,1,1
printers,1,0,1
prior,3,1,4
priori,0,1,1
priorities,4,0,4
prioritise,1,0,1
prioritising,0,1,1
priority,3,1,4
prism,1,0,1
prison,12,20,32
prisoners,2,1,3
prisons,3,0,3
pristin,1,1,2
privacy,2,0,2
privat,1,0,1
private,19,10,29
privatise,0,1,1
privatised,3,1,4
privatization,1,1,2
priveledged,1,0,1
privertised,1,0,1
privilege,2,0,2
privileged,5,2,7
privitizing,1,0,1
privlages,1,0,1
privy,0,1,1
prix,0,1,1
prize,3,2,5
pro,27,14,41
prob,4,2,6
probable,0,1,1
probably,70,35,105
probaly,1,0,1
probely,1,0,1
probing,2,1,3
problem,57,41,98
problematic,3,0,3
problems,19,7,26
probs,2,0,2
proceed,1,0,1
proceedings,2,1,3
process,18,16,34
processes,0,1,1
processing,1,0,1
proclamation,1,0,1
procrastinate,1,1,2
prodcutive,1,0,1
produce,3,2,5
produced,0,2,2
producer,2,2,4
producers,2,0,2
producing,1,0,1
product,5,1,6
production,1,0,1
productive,2,0,2
productivity,2,0,2
products,5,1,6
prof,2,1,3
profanity,1,0,1
professed,1,1,2
profession,2,1,3
professional,5,2,7
professionalism,1,1,2
professionally,0,1,1
professor,13,11,24
professors,3,1,4
profile,20,3,23
profiles,2,3,5
profiling,1,0,1
profit,9,3,12
profitable,1,0,1
profiteers,1,0,1
profiting,2,0,2
profits,6,3,9
profound,0,1,1
profoundly,0,1,1
progess,1,0,1
program,7,2,9
programme,1,0,1
programmed,0,1,1
programmes,1,0,1
programs,3,2,5
progress,1,0,1
progressing,1,0,1
progressive,14,4,18
progressives,4,4,8
progressivism,1,0,1
prohibited,1,1,2
prohibition,3,0,3
prohibitionists,0,1,1
project,9,1,10
projecting,2,0,2
projection,5,1,6
projections,1,0,1
projects,1,2,3
proletarian,1,0,1
prolib,1,0,1
prolly,1,0,1
prolong,0,1,1
prominent,1,3,4
promise,10,4,14
promised,8,4,12
promises,15,5,20
promising,1,1,2
promo,1,0,1
promote,7,7,14
promoted,2,0,2
promotes,3,1,4
promoting,6,6,12
promotion,2,0,2
promotional,1,0,1
prone,1,0,1
pronoun,2,0,2
proof,29,15,44
proofs,1,0,1
prop,1,1,2
propaganda,12,12,24
propagating,2,0,2
propelled,0,1,1
propeller,0,1,1
proper,3,10,13
properly,3,0,3
properties,0,1,1
property,12,3,15
prophecy,0,1,1
prophet,3,4,7
propoganda,0,1,1
proponent,1,1,2
proportional,1,0,1
proposal,4,1,5
proposals,1,2,3
propose,2,3,5
proposed,1,0,1
proposes,1,0,1
proposing,2,1,3
proposition,1,0,1
propped,1,0,1
props,1,0,1
propter,1,0,1
pros,2,0,2
proscribed,1,0,1
prosecute,2,2,4
prosecuted,4,4,8
prosecuter,1,0,1
prosecuting,1,0,1
prosecution,2,1,3
prosecutor,1,0,1
prospects,0,1,1
prosper,1,0,1
prosperity,4,0,4
prostitute,1,2,3
protag,0,1,1
protect,30,9,39
protected,13,2,15
protecting,8,5,13
protection,17,6,23
protectionist,0,1,1
protections,3,0,3
protector,1,0,1
protectors,1,0,1
protects,1,0,1
protest,22,9,31
protestant,1,0,1
protester,1,1,2
protesters,11,3,14
protesting,9,5,14
protestors,5,6,11
protests,11,4,15
protocol,1,1,2
protocols,1,0,1
proud,51,12,63
proudboy,1,0,1
proudly,3,1,4
prov,1,0,1
prove,28,19,47
proved,6,4,10
proven,33,17,50
proverbial,2,0,2
proverbs,1,0,1
proves,11,10,21
provide,8,2,10
provided,1,3,4
provides,2,0,2
providing,3,3,6
province,1,0,1
provincial,2,0,2
provincially,1,0,1
proving,5,7,12
provision,2,0,2
provoked,0,1,1
pruitt,0,1,1
prz,1,0,1
ps,5,0,5
psa,1,0,1
pseudo,2,0,2
psg,1,0,1
pssst,1,0,1
psst,1,0,1
psuedo,0,1,1
psy,1,0,1
psych,1,1,2
psychiatric,2,1,3
psychiatrist,0,1,1
psychic,1,0,1
psycho,0,2,2
psychological,1,1,2
psychologically,1,0,1
psychologist,2,0,2
psychologists,1,0,1
psychology,2,0,2
psychopaths,0,1,1
psychosis,1,0,1
psychotic,1,1,2
psyco,1,0,1
psyop,0,1,1
pszabads,0,1,1
pt,0,1,1
pti,2,0,2
ptl,1,0,1
pto,1,0,1
ptotus,0,1,1
ptsd,1,1,2
pu,1,1,2
pub,0,1,1
public,51,31,82
publically,1,0,1
publicity,1,3,4
publicizing,7,0,7
publicly,10,3,13
publish,0,1,1
published,2,1,3
publishers,1,0,1
publishing,2,0,2
pubs,1,0,1
puck,1,1,2
pucker,1,0,1
puerto,15,15,30
puffy,0,1,1
pugchat,1,0,1
puhlease,0,1,1
puke,0,2,2
puking,0,1,1
pul,0,1,1
puleeeze,1,0,1
pull,8,7,15
pulled,3,5,8
pulling,4,5,9
pulls,2,0,2
pulp,0,1,1
pulpit,0,1,1
pulse,1,0,1
pummeled,0,1,1
pump,3,2,5
pumped,2,0,2
pumpkin,0,1,1
pun,1,1,2
punch,1,5,6
punched,0,1,1
punches,0,3,3
punching,2,2,4
punchline,1,0,1
pundit,2,1,3
pundits,3,0,3
punish,4,2,6
punished,0,2,2
punishes,1,0,1
punishing,0,1,1
punishment,2,1,3
punk,4,3,7
punks,0,3,3
punts,1,0,1
puppet,6,6,12
puppets,4,3,7
puppy,3,1,4
purchase,3,1,4
purchased,4,0,4
purchases,0,1,1
purdue,1,0,1
pure,13,7,20
purely,0,1,1
purge,0,1,1
purged,0,1,1
purify,1,0,1
puris,1,0,1
purity,1,0,1
purp,1,0,1
purple,3,0,3
purples,0,1,1
purpleumpkin,1,0,1
purpose,9,1,10
purposefully,1,2,3
purposely,1,2,3
purposes,0,1,1
purrfect,1,0,1
purrs,1,0,1
purse,1,0,1
pursued,1,0,1
pursuing,1,0,1
pursuit,2,0,2
push,21,15,36
pushed,5,2,7
pusher,0,2,2
pushes,0,2,2
pushing,6,10,16
pushy,1,0,1
pussies,0,4,4
pussy,4,22,26
pussygrabber,1,0,1
pussygrabbing,0,1,1
put,78,57,135
putain,1,0,1
putin,3,6,9
puting,0,1,1
puto,0,1,1
putrajaya,1,0,1
putrid,2,1,3
puts,5,3,8
putting,11,12,23
putz,1,0,1
puzzle,0,1,1
puzzling,1,0,1
pyjamas,1,0,1
pyongyang,1,0,1
pyramid,1,0,1
pyro,1,0,1
qaeda,1,0,1
qanon,0,3,3
qb,5,0,5
qdrop,2,0,2
qfd,1,0,1
qt,0,1,1
qu,1,0,1
quack,1,1,2
quackery,1,0,1
quad,1,0,1
quaker,0,1,1
qual,0,1,1
qualification,1,0,1
qualifications,2,1,3
qualified,6,5,11
qualifies,1,0,1
qualify,0,1,1
qualifying,1,0,1
quality,6,7,13
quantifiably,1,0,1
quantities,1,0,1
quantum,1,0,1
quarter,2,0,2
quarterback,0,1,1
quarterbacks,1,0,1
quarters,2,1,3
quash,1,0,1
quasi,1,1,2
quebec,3,0,3
queen,10,8,18
queens,0,1,1
quelled,1,0,1
quest,3,0,3
question,44,26,70
questionable,2,0,2
questioned,1,0,1
questioning,5,0,5
questions,28,7,35
quetsiyah,1,0,1
queue,1,0,1
quick,5,7,12
quickly,6,6,12
quicksand,1,0,1
quiet,4,2,6
quietly,1,0,1
quin,1,0,1
quinoa,1,0,1
quit,11,8,19
quite,24,12,36
quits,1,0,1
quitters,1,0,1
quitting,1,1,2
quiz,1,0,1
quo,5,0,5
quote,3,1,4
quoted,3,0,3
quotes,3,0,3
quotient,0,1,1
quran,4,3,7
rabbit,0,1,1
rabble,1,0,1
rabid,4,2,6
raccoon,2,0,2
race,31,11,42
raced,0,1,1
races,2,2,4
rachel,4,0,4
racial,5,4,9
racially,0,1,1
racing,0,1,1
racism,11,10,21
racist,31,74,105
racists,4,11,15
racket,3,2,5
radiance,1,0,1
radiation,0,1,1
radical,20,7,27
radicalisation,1,0,1
radicalism,5,0,5
radicalization,1,0,1
radicalized,1,0,1
radicalizing,0,1,1
radicals,3,4,7
radio,4,0,4
radius,1,1,2
rae,0,2,2
rage,6,1,7
rager,0,1,1
rages,0,1,1
ragey,1,0,1
ragging,0,1,1
raging,0,1,1
rah,1,0,1
rahm,0,1,1
raid,1,0,1
raided,2,0,2
raiding,1,0,1
raikou,1,0,1
railed,0,1,1
railing,0,1,1
railroad,1,0,1
railroaded,1,1,2
rails,0,1,1
railways,6,0,6
rain,5,2,7
rainbow,2,2,4
rainbows,0,1,1
rainy,1,0,1
raise,4,1,5
raised,5,3,8
raises,0,2,2
raising,7,1,8
raison,1,0,1
rake,0,1,1
rakers,0,1,1
rallied,0,1,1
rallies,6,1,7
rally,17,4,21
rallying,1,0,1
ram,0,1,1
rama,0,1,1
ramble,1,0,1
rambling,0,1,1
ramirez,0,1,1
ramming,1,0,1
ramos,2,1,3
rampant,3,0,3
rams,0,1,1
ran,11,7,18
ranch,1,0,1
rancho,1,0,1
rand,1,0,1
randian,1,0,1
randolph,0,1,1
random,14,3,17
randomly,1,1,2
randy,1,1,2
range,12,3,15
rangers,1,1,2
ranges,1,0,1
ranging,1,0,1
rank,2,0,2
ranks,3,0,3
rant,2,3,5
rants,3,1,4
rao,1,0,1
rap,3,7,10
rape,19,21,40
raped,3,9,12
rapid,0,1,1
rapidly,0,1,1
raping,0,4,4
rapist,3,10,13
rapists,1,4,5
rappers,1,0,1
rapping,0,1,1
raps,0,1,1
rare,5,3,8
rarely,1,2,3
rat,0,5,5
ratbags,0,1,1
rate,22,8,30
rates,16,5,21
rather,29,12,41
rating,4,2,6
ratings,9,1,10
ratio,1,0,1
rational,4,3,7
rationale,0,1,1
rationalize,1,1,2
rationally,1,0,1
rats,1,4,5
ratshit,1,0,1
ratted,1,0,1
rauner,1,0,1
raven,2,2,4
ravenous,0,1,1
ravens,1,0,1
raw,0,1,1
rawr,0,1,1
ray,0,1,1
raytas,1,0,1
razor,1,0,1
razzinfrazzinmaggle,1,0,1
rb,2,0,2
rbg,1,2,3
rd,7,6,13
re,268,177,445
reach,5,1,6
reached,4,1,5
reaches,1,2,3
reaching,2,0,2
react,2,0,2
reaction,4,5,9
reactionary,1,0,1
read,77,30,107
reader,2,2,4
readers,0,2,2
reading,19,11,30
readings,1,0,1
reads,1,0,1
ready,25,7,32
reagan,7,1,8
reagiert,1,0,1
real,97,60,157
realeased,1,0,1
realest,0,1,1
realise,0,1,1
realised,0,1,1
realises,2,0,2
realistic,3,0,3
reality,21,6,27
realize,23,26,49
realized,3,0,3
realizes,2,1,3
realizing,3,0,3
reallly,1,0,1
really,180,136,316
realm,3,1,4
realness,1,0,1
realtor,1,0,1
rean,0,1,1
reap,1,2,3
rear,0,1,1
rears,1,0,1
reaserch,0,1,1
reason,70,28,98
reasonable,12,5,17
reasonableness,1,0,1
reasonably,1,0,1
reasoning,2,1,3
reasons,14,3,17
rebecca,1,0,1
rebellion,1,0,1
reboot,2,0,2
reborn,0,1,1
rebounded,1,0,1
rebranding,1,0,1
rebuild,1,2,3
rebuilding,1,0,1
rebuke,1,0,1
rebuttal,1,0,1
recall,9,2,11
recanted,1,0,1
receipts,1,0,1
receive,6,2,8
received,4,4,8
receiver,4,1,5
receivers,2,0,2
receiving,6,0,6
recent,4,1,5
recently,15,1,16
reception,0,1,1
receptions,1,0,1
recieve,1,0,1
recieving,1,0,1
recipe,0,1,1
recipes,1,0,1
recipient,1,1,2
reciprocally,0,1,1
reciprocate,1,0,1
reciprocating,0,1,1
reciting,1,0,1
reckless,1,1,2
reckognize,1,0,1
reckon,0,1,1
reckoned,1,0,1
reclaiming,1,0,1
recognise,2,0,2
recognition,2,1,3
recognize,6,2,8
recognized,1,0,1
recognizes,1,0,1
recognizing,3,0,3
recoil,1,0,1
recollecting,1,0,1
recollections,1,0,1
recommend,4,0,4
recommending,1,0,1
recon,1,0,1
reconnect,1,0,1
record,24,8,32
recorded,1,1,2
recorder,1,0,1
recordings,2,0,2
records,5,6,11
recourse,0,1,1
recover,0,1,1
recovered,2,0,2
recovers,0,1,1
recovery,3,2,5
recruit,1,0,1
recruitment,1,0,1
recruits,2,0,2
recusal,1,0,1
recuse,1,0,1
recycled,1,0,1
recycling,0,1,1
red,46,12,58
redistributing,0,1,1
redistribution,2,0,2
redneck,0,2,2
rednecks,0,3,3
reds,1,0,1
reduce,3,2,5
reduced,3,1,4
reduces,1,1,2
reducing,1,1,2
reduction,5,0,5
redwood,1,1,2
reeee,1,0,1
reefer,0,1,1
reelected,1,1,2
reelection,0,2,2
ref,4,5,9
refer,3,0,3
refered,0,1,1
referee,4,0,4
reference,2,1,3
referenced,1,0,1
references,1,0,1
referencing,2,0,2
referendum,10,0,10
refering,1,0,1
refernce,1,0,1
referred,7,1,8
referring,9,7,16
refers,2,1,3
refinancing,1,1,2
reflect,4,2,6
reflecting,0,1,1
reflection,0,2,2
reflects,1,1,2
reflex,1,0,1
reform,6,3,9
reformation,1,0,1
reforms,3,0,3
refs,0,1,1
refuge,0,1,1
refugee,1,3,4
refugees,2,6,8
refund,1,0,1
refusal,1,1,2
refuse,10,6,16
refused,7,5,12
refuses,4,4,8
refusing,2,1,3
refuted,1,0,1
regain,0,1,1
regaining,1,0,1
regard,2,1,3
regarded,2,0,2
regarding,12,5,17
regardless,13,3,16
regards,1,1,2
reggie,1,0,1
regime,2,2,4
regimen,0,1,1
regimes,1,0,1
region,1,0,1
regional,1,0,1
register,1,0,1
registered,6,2,8
registering,2,0,2
registrar,1,0,1
registration,5,1,6
regrann,1,0,1
regression,1,0,1
regressive,3,0,3
regret,3,2,5
regrets,1,1,2
regrettable,1,0,1
regretted,0,1,1
regular,6,2,8
regularly,3,1,4
regulary,0,1,1
regulate,3,0,3
regulated,4,0,4
regulation,2,1,3
regulations,9,4,13
regurgitates,1,0,1
rehab,0,2,2
rehabilitate,0,1,1
rehearsed,0,1,1
rehman,1,0,1
rei,1,0,1
reich,1,0,1
reid,1,0,1
reign,0,1,1
reigned,0,1,1
reilly,0,1,1
reimu,1,0,1
reinforce,1,2,3
reinforcement,1,0,1
reintroduce,1,0,1
reinvest,2,0,2
reiterate,1,0,1
reject,1,2,3
rejected,5,1,6
rejoicing,1,0,1
rekindling,1,0,1
relapsed,1,0,1
relatable,2,0,2
relate,4,4,8
related,6,1,7
relates,1,0,1
relating,3,0,3
relation,1,1,2
relationship,2,2,4
relationships,1,2,3
relative,1,1,2
relatively,2,0,2
relatives,2,0,2
relativists,1,0,1
relativity,0,1,1
relativizing,0,1,1
relax,3,0,3
relaxed,1,0,1
release,10,6,16
released,9,6,15
releases,1,1,2
releasing,2,2,4
relegated,1,0,1
relentless,3,0,3
relevance,1,0,1
relevancy,0,1,1
relevant,15,7,22
reliable,3,0,3
relief,2,1,3
reliever,1,0,1
religion,12,5,17
religions,1,3,4
religious,6,10,16
religiously,1,0,1
relinquished,1,0,1
relitigate,1,0,1
relive,1,0,1
relocate,2,0,2
relocation,1,0,1
reluctant,1,1,2
rely,0,1,1
relying,0,1,1
remain,8,6,14
remainer,2,0,2
remainers,1,1,2
remainiac,1,0,1
remaining,3,0,3
remains,5,0,5
remanics,1,0,1
remarkable,2,0,2
remarks,2,1,3
remarry,1,0,1
remedy,1,0,1
remember,74,34,108
remembered,2,4,6
remembering,1,2,3
remembers,2,1,3
remind,7,3,10
reminded,4,1,5
reminder,5,3,8
reminding,1,1,2
reminds,3,2,5
remission,1,0,1
removable,1,0,1
removal,3,1,4
remove,13,8,21
removed,7,9,16
removes,2,0,2
removing,2,3,5
remy,1,1,2
ren,2,1,3
rena,1,0,1
renacci,1,0,1
rename,1,0,1
rendell,2,0,2
rendered,1,0,1
renewable,1,0,1
renfrew,0,1,1
rent,3,2,5
rental,1,0,1
rentals,0,1,1
rents,2,0,2
reorganize,1,0,1
rep,5,7,12
repair,1,0,1
repatriated,1,0,1
repaying,1,0,1
repeal,4,1,5
repealed,1,0,1
repeat,11,1,12
repeated,3,0,3
repeatedly,4,2,6
repeater,0,1,1
repeating,4,0,4
repeats,1,0,1
repent,1,0,1
repercussions,0,1,1
rephrase,2,0,2
replace,6,6,12
replaced,5,2,7
replacement,1,1,2
replacements,1,0,1
replaces,0,1,1
replacing,0,1,1
replays,1,0,1
replica,1,0,1
replied,1,0,1
replies,1,1,2
repling,1,0,1
reply,4,1,5
replying,0,2,2
report,31,12,43
reported,16,4,20
reportedly,1,0,1
reporter,1,1,2
reporters,4,2,6
reporting,11,3,14
reports,7,5,12
reppowervote,2,0,2
reprehensible,3,0,3
represent,12,4,16
representation,4,1,5
representative,2,0,2
representatives,1,2,3
represented,2,0,2
representing,4,0,4
represents,6,0,6
repressed,0,1,1
repressing,1,0,1
repressive,1,0,1
reprisal,1,0,1
repro,0,1,1
reprobates,0,1,1
reproductive,1,1,2
reps,1,1,2
repub,1,2,3
republic,16,7,23
republican,42,33,75
republicans,58,48,106
republiklan,0,1,1
repubs,2,2,4
repug,0,1,1
repugs,1,0,1
repulsed,0,1,1
repulsive,2,2,4
reputable,1,0,1
reputation,6,6,12
reputed,0,1,1
request,1,0,1
requested,2,0,2
requesting,1,0,1
require,1,0,1
required,4,3,7
requirements,1,0,1
requires,3,1,4
requiring,2,1,3
requisite,0,1,1
reread,1,0,1
rescheduled,0,1,1
rescue,4,4,8
rescued,1,0,1
research,23,12,35
researched,2,0,2
researching,2,0,2
resemblance,1,1,2
resentment,1,0,1
reserve,4,0,4
residence,0,2,2
resident,4,1,5
residents,5,0,5
resign,10,11,21
resignations,1,0,1
resigned,4,0,4
resigning,2,0,2
resist,7,5,12
resistance,14,5,19
resistant,1,0,1
resisting,1,2,3
resists,0,2,2
resolution,1,0,1
resolve,1,1,2
resolved,1,0,1
resonate,1,0,1
resort,3,0,3
resorting,2,0,2
resounding,0,1,1
resource,1,1,2
resources,2,1,3
respct,0,1,1
respect,24,15,39
respectable,1,1,2
respected,5,1,6
respectful,0,1,1
respectfully,0,1,1
respecting,2,2,4
respects,0,1,1
respond,6,6,12
responded,5,0,5
responders,0,1,1
responding,5,0,5
responds,5,0,5
response,18,11,29
responses,2,3,5
responsibilities,0,1,1
responsibility,5,6,11
responsible,21,12,33
responsibly,1,0,1
rest,40,22,62
restate,1,0,1
restaurant,2,1,3
restaurants,1,1,2
resting,2,0,2
restitching,1,0,1
restless,1,0,1
restore,1,2,3
restoring,2,0,2
restrain,0,1,1
restraining,0,1,1
restraint,1,0,1
restricted,0,1,1
restricting,1,1,2
restriction,1,0,1
restrictions,5,1,6
restrictive,0,1,1
result,13,9,22
resulting,1,0,1
results,13,1,14
resume,1,0,1
resurrected,1,0,1
ret,1,0,1
retail,3,0,3
retake,2,0,2
retaliate,0,1,1
retaliation,1,0,1
retard,0,1,1
retarded,3,3,6
retards,0,1,1
retconned,1,0,1
retention,0,1,1
rethink,2,0,2
rethinking,1,0,1
rethuglicans,0,1,1
reti,1,0,1
retire,3,3,6
retired,1,0,1
retiree,1,0,1
retirement,4,0,4
retiring,1,0,1
retreat,1,0,1
retribution,1,0,1
return,12,4,16
returner,1,0,1
returning,1,0,1
returns,2,2,4
retweet,11,1,12
retweeted,3,2,5
retweeting,4,0,4
reunion,1,1,2
reveal,3,1,4
revealed,3,3,6
revealing,2,1,3
reveals,1,3,4
revelations,1,0,1
revenge,1,1,2
revenue,1,0,1
reverse,2,4,6
reversed,1,1,2
reversing,1,0,1
revert,1,0,1
reverts,1,0,1
review,7,1,8
reviewed,2,0,2
reviewing,2,0,2
reviews,2,0,2
revisit,1,0,1
revived,1,0,1
revkin,1,0,1
revoke,0,1,1
revoked,1,1,2
revolting,2,1,3
revolution,3,0,3
revolutionaries,1,0,1
revolutionary,3,0,3
revolver,0,1,1
revorded,1,0,1
reward,1,0,1
rewarded,1,0,1
rewarding,1,0,1
rewrite,2,0,2
rewrites,1,0,1
rey,1,0,1
reynolds,2,0,2
rezz,0,1,1
rf,1,0,1
rga,1,0,1
rham,0,1,1
rhe,2,0,2
rhetoric,4,5,9
rhi,1,0,1
rhino,0,1,1
rhode,1,0,1
rhonda,0,1,1
rhoode,1,0,1
rian,2,0,2
ribbons,0,1,1
rican,2,5,7
ricans,3,0,3
ricardo,1,0,1
rice,3,0,3
rich,21,8,29
richard,3,0,3
richer,1,0,1
richt,0,1,1
rick,0,2,2
rico,11,10,21
rid,11,10,21
riddance,3,0,3
riddle,0,1,1
riddled,1,0,1
ride,4,3,7
rider,3,1,4
ridge,0,1,1
ridicule,0,2,2
ridiculing,0,1,1
ridiculous,6,16,22
ridiculously,0,1,1
riding,1,2,3
ridley,1,0,1
rifftrax,1,0,1
rifle,10,4,14
rifles,4,3,7
rift,0,1,1
rig,2,1,3
rigged,2,1,3
right,345,150,495
righteous,3,2,5
righteousness,1,0,1
rightful,1,0,1
rightfully,0,1,1
rightist,0,1,1
rightly,2,1,3
rights,69,39,108
rightwing,1,0,1
rigs,1,0,1
riker,1,0,1
rile,0,1,1
riled,0,1,1
ring,7,3,10
ringwraith,2,0,2
rino,5,2,7
rinos,2,2,4
riot,6,5,11
rioted,1,0,1
rioters,1,0,1
rioting,3,1,4
riots,8,3,11
riott,1,0,1
rip,7,5,12
ripe,0,1,1
ripoff,0,1,1
ripped,3,0,3
ripping,1,3,4
rips,1,0,1
rise,10,1,11
rises,2,0,2
risi,0,1,1
rising,6,0,6
risk,4,3,7
risking,0,2,2
risks,0,1,1
rival,1,0,1
rivaled,1,0,1
river,2,1,3
rivera,1,0,1
rizzo,1,0,1
rly,0,1,1
rm,2,0,2
rms,1,0,1
rmt,1,0,1
rn,4,3,7
rnc,1,0,1
roache,1,0,1
road,11,2,13
roads,1,0,1
roadworks,1,0,1
roaming,0,2,2
roasted,1,0,1
rob,1,1,2
robbed,0,6,6
robber,0,1,1
robbery,0,1,1
robbing,0,1,1
robe,1,0,1
robert,5,0,5
roberto,1,0,1
robin,2,0,2
robinson,2,0,2
roblox,0,1,1
robo,0,1,1
robot,1,3,4
robotic,0,1,1
robots,1,0,1
robust,2,1,3
robyn,0,2,2
rock,14,4,18
rocker,1,0,1
rockers,1,0,1
rocket,1,0,1
rocks,4,5,9
rockstar,2,1,3
rockwell,1,0,1
rocky,1,0,1
rod,2,1,3
rode,2,0,2
rodenbury,1,0,1
rodgers,1,1,2
rodham,0,1,1
roe,6,6,12
rofl,1,0,1
roger,2,4,6
rogers,1,0,1
rogues,1,0,1
roid,1,0,1
role,13,2,15
roles,2,0,2
roll,3,4,7
rolling,4,3,7
rollins,1,0,1
rolls,2,0,2
roman,2,3,5
romanian,1,1,2
rome,1,1,2
romeo,1,0,1
romero,1,0,1
romford,1,0,1
romney,0,1,1
romper,1,0,1
romy,1,0,1
ron,4,1,5
ronald,1,1,2
roof,1,1,2
rookie,2,0,2
room,16,13,29
roommate,1,0,1
rooney,1,0,1
root,5,0,5
roots,1,0,1
rope,1,0,1
rose,4,2,6
roseanne,2,0,2
rosell,1,0,1
rosello,1,0,1
rosenstein,1,1,2
roses,0,1,1
rosh,1,0,1
rosie,4,0,4
rosier,0,1,1
rosoft,0,1,1
ross,1,0,1
rossendale,1,0,1
rossiter,0,1,1
roster,2,0,2
rot,1,2,3
rotary,1,0,1
rotated,1,0,1
rotation,1,0,1
rots,0,1,1
rotten,0,3,3
rotting,3,0,3
rouda,1,0,1
rouge,1,0,1
rough,2,0,2
roughed,1,0,1
roughly,1,0,1
round,1,7,8
rounded,1,1,2
rounder,1,0,1
rounds,0,2,2
rourke,4,1,5
rousing,1,0,1
route,4,2,6
routine,0,2,2
routinely,2,1,3
row,2,0,2
rowdy,1,0,1
roy,5,2,7
royal,2,1,3
royale,1,0,1
royalty,1,0,1
royce,1,0,1
rpreviously,1,0,1
rr,0,1,1
rrez,1,0,1
rs,3,0,3
rss,1,2,3
rtd,1,0,1
rting,1,0,1
rub,1,0,1
rubbed,1,0,1
rubberstamp,1,0,1
rubbish,0,2,2
rubin,0,1,1
rubio,4,1,5
rude,5,4,9
rudeand,0,1,1
rudely,0,1,1
rudy,2,1,3
rug,1,1,2
rugby,1,0,1
ruger,2,3,5
rugrats,1,0,1
ruin,16,15,31
ruined,2,9,11
ruining,2,5,7
ruins,1,1,2
rule,20,7,27
ruled,4,0,4
rules,25,20,45
ruling,2,4,6
rulings,2,0,2
rum,2,0,2
rumbling,1,0,1
rumor,0,1,1
rumors,0,3,3
rump,1,1,2
run,35,23,58
runaway,1,0,1
runcie,0,1,1
runner,1,0,1
running,41,21,62
runnning,1,0,1
runs,9,4,13
runway,1,0,1
rural,2,1,3
ruse,1,0,1
rush,8,2,10
rushed,1,1,2
rushing,1,0,1
ruskies,0,1,1
russ,1,2,3
russa,1,0,1
russells,1,0,1
russia,17,10,27
russian,14,5,19
russians,4,1,5
rust,1,2,3
rusty,1,0,1
ruth,1,0,1
ruthless,1,1,2
rw,0,2,2
ryan,4,1,5
ryme,0,1,1
sa,3,1,4
saaaaaaadd,1,0,1
sabotage,4,4,8
sabotaging,1,0,1
sack,3,2,5
sacks,2,0,2
sacrament,1,0,1
sacred,0,3,3
sacrifice,3,1,4
sacrificed,1,0,1
sacrifices,2,1,3
sacrificing,2,0,2
sad,34,31,65
sadam,0,1,1
sadder,1,0,1
saddest,2,1,3
saddo,0,1,1
sadim,1,0,1
sadiq,1,0,1
sadly,5,7,12
sads,1,0,1
safe,51,8,59
safeguard,0,1,1
safely,0,1,1
safer,8,2,10
safest,2,0,2
safety,22,8,30
saggy,0,1,1
sagittarius,0,1,1
said,147,96,243
sail,1,0,1
sailor,1,0,1
saint,8,0,8
saints,2,1,3
saith,1,0,1
sajidjavid,1,0,1
sake,5,4,9
salad,1,0,1
salaries,2,2,4
salary,4,2,6
sale,4,2,6
sales,8,2,10
salesforce,1,0,1
salesman,1,0,1
salesmen,1,0,1
salinsky,1,0,1
sallbuzz,1,0,1
salmon,2,0,2
salt,3,0,3
salty,2,2,4
salute,1,1,2
salvation,0,1,1
salzburg,1,0,1
sam,6,2,8
samaritan,0,1,1
same,128,80,208
samford,1,0,1
sami,1,0,1
sammy,1,0,1
samrat,2,0,2
samsung,0,1,1
samurai,1,0,1
san,2,2,4
sanchez,0,1,1
sanctimonious,2,0,2
sanctimony,1,0,1
sanctioned,1,0,1
sanctions,7,1,8
sanctity,2,0,2
sanctuary,4,0,4
sand,0,2,2
sanders,1,2,3
sandrayan,1,0,1
sandwich,2,0,2
sandwiches,0,1,1
sandy,5,2,7
sandyhook,1,0,1
sane,6,2,8
sanford,1,0,1
sanger,1,0,1
sanghi,0,2,2
sanghis,0,1,1
sanity,2,2,4
sanju,1,0,1
sanjuro,1,0,1
santa,1,1,2
sara,4,0,4
sarah,5,3,8
sarandon,0,1,1
sarandron,1,0,1
sarcasm,3,4,7
sarcastic,2,0,2
sareena,0,1,1
sareptians,1,0,1
sargentini,1,0,1
sargon,2,1,3
sarrena,0,1,1
sarsour,1,1,2
sary,1,0,1
sash,0,1,1
sassy,1,1,2
sat,9,5,14
satan,6,11,17
satanic,0,1,1
satanist,0,2,2
satanists,0,2,2
satire,3,2,5
satisfaction,0,1,1
satisfied,2,0,2
satisfies,1,0,1
satisfy,0,1,1
satisfying,1,0,1
satochi,1,0,1
saturday,3,2,5
sauce,1,2,3
saudi,3,0,3
saudis,2,0,2
saul,3,3,6
saunders,1,0,1
savage,2,2,4
save,28,12,40
saved,5,6,11
saver,1,0,1
saves,1,0,1
saving,9,6,15
savings,1,0,1
saviors,0,1,1
saviour,1,0,1
saw,30,23,53
sawed,1,0,1
saxon,1,0,1
saxons,1,0,1
say,215,119,334
sayin,0,2,2
saying,102,63,165
sayn,0,1,1
says,76,44,120
saysitall,1,0,1
sb,1,0,1
sc,4,5,9
scale,2,3,5
scales,0,1,1
scalia,1,0,1
scalise,3,2,5
scalp,1,0,1
scam,3,4,7
scammer,1,0,1
scammers,0,1,1
scamming,1,0,1
scampi,1,0,1
scams,0,1,1
scandal,3,2,5
scandalous,0,1,1
scandals,5,2,7
scaramucci,0,1,1
scarborough,0,1,1
scare,9,5,14
scared,21,17,38
scares,0,1,1
scarf,2,0,2
scaring,2,0,2
scarred,0,1,1
scars,2,0,2
scary,16,8,24
scatter,1,0,1
scattered,1,0,1
scenario,2,1,3
scene,4,2,6
scenes,1,2,3
scepticism,0,1,1
schedule,2,1,3
scheduled,2,0,2
scheduling,1,0,1
scheer,4,1,5
scheme,3,2,5
schemes,1,1,2
scheming,1,0,1
schiff,1,1,2
schitt,0,1,1
schizo,0,1,1
schizophrenia,1,0,1
schlock,1,0,1
schmata,0,1,1
schmooze,0,1,1
schmuck,2,0,2
scholar,1,1,2
scholarship,1,0,1
school,66,39,105
schooling,2,1,3
schools,16,11,27
schumer,5,4,9
schutzstaffel,1,0,1
sci,1,0,1
science,12,1,13
scientific,2,0,2
scientist,1,0,1
scientists,1,2,3
scientologist,0,1,1
scj,1,1,2
scjous,1,0,1
scofflaws,0,1,1
scones,0,1,1
scoop,1,1,2
scooters,1,0,1
scope,1,1,2
score,7,0,7
scored,3,0,3
scores,1,1,2
scorned,0,1,1
scorpio,1,0,1
scotia,1,0,1
scotians,0,1,1
scotland,1,0,1
scott,4,3,7
scottish,2,0,2
scotus,17,8,25
scoundrel,0,3,3
scout,1,0,1
scraficed,1,0,1
scramble,1,0,1
scrambling,1,0,1
scrap,1,0,1
scrapers,1,0,1
scraping,2,0,2
scrapped,1,0,1
scraps,0,1,1
scratch,4,1,5
scratching,1,0,1
scrathed,1,0,1
scrawny,1,0,1
scream,6,7,13
screamed,3,2,5
screamer,0,1,1
screaming,12,10,22
screams,3,2,5
screech,1,1,2
screen,8,2,10
screened,1,0,1
screenshots,1,0,1
screw,1,4,5
screwed,3,7,10
screwing,1,0,1
scribe,1,0,1
script,1,1,2
scripted,1,1,2
scripture,2,0,2
scrolls,1,1,2
scrub,1,2,3
scrubbed,2,0,2
scrunchie,1,0,1
scrutiny,1,1,2
scum,3,13,16
scumbag,2,3,5
scumbags,2,1,3
scumfuck,0,1,1
scummy,0,2,2
scurvy,1,0,1
scuttlebutt,1,0,1
se,2,0,2
sea,2,5,7
sealed,1,0,1
sean,2,2,4
search,8,6,14
searches,1,0,1
searching,2,1,3
sears,0,1,1
seas,1,0,1
season,20,6,26
seasons,3,1,4
seat,7,10,17
seated,3,2,5
seats,10,0,10
seattle,1,1,2
sec,7,3,10
secessionists,1,0,1
seclusion,1,0,1
second,33,13,46
secondary,1,0,1
secondly,0,3,3
seconds,4,2,6
secrecy,1,0,1
secret,6,6,12
secretary,4,1,5
secretive,0,1,1
secretly,2,1,3
secrets,2,0,2
section,3,1,4
sectioned,0,1,1
sections,1,0,1
sector,1,2,3
sectors,1,0,1
sects,1,0,1
secular,1,1,2
seculars,1,0,1
secure,0,2,2
secured,2,0,2
security,15,7,22
seditious,2,0,2
see,246,119,365
seeing,24,11,35
seek,4,0,4
seeker,0,2,2
seekers,1,1,2
seeking,1,2,3
seeks,0,1,1
seem,34,12,46
seemed,4,1,5
seemingly,1,2,3
seems,54,26,80
seen,53,27,80
sees,5,5,10
seething,0,1,1
seff,0,1,1
segment,1,1,2
segments,0,1,1
segregate,0,1,1
segregated,1,0,1
segregation,0,1,1
seinfeld,0,1,1
seized,1,0,1
seizure,0,1,1
seldom,1,0,1
select,0,1,1
selected,1,0,1
selection,4,1,5
selective,4,3,7
selectively,0,1,1
selena,1,0,1
self,27,21,48
selfie,0,1,1
selfies,0,1,1
selfish,1,6,7
selfishness,1,0,1
selfless,1,0,1
sell,11,7,18
seller,1,0,1
sellers,1,0,1
selling,10,4,14
sellout,0,1,1
sells,4,1,5
selves,2,1,3
semamtics,0,1,1
semantic,1,0,1
semantics,1,0,1
semetic,1,0,1
semi,4,3,7
semiautomatic,1,1,2
semifinals,0,1,1
semis,1,0,1
semite,1,3,4
semitic,2,2,4
semitism,6,2,8
semper,1,0,1
sen,11,6,17
senate,24,12,36
senator,19,10,29
senators,5,0,5
sencollins,0,1,1
send,25,10,35
sending,5,6,11
sends,1,0,1
senegalese,1,0,1
sengupta,1,0,1
senile,0,1,1
senility,0,2,2
senior,8,1,9
seniors,0,1,1
sensational,1,0,1
sensationalism,0,1,1
sense,67,34,101
senseless,2,0,2
sensible,20,15,35
sensitive,2,2,4
sent,13,10,23
sentence,6,3,9
sentences,0,2,2
sentencing,1,1,2
sentiment,1,0,1
seongwu,1,0,1
sep,3,0,3
separate,3,0,3
separated,3,0,3
separating,0,1,1
separation,1,0,1
separations,1,1,2
separatists,0,1,1
sept,4,2,6
september,5,0,5
sequel,0,1,1
sequitur,1,0,1
serena,21,13,34
serenas,1,0,1
serial,3,4,7
series,12,2,14
serious,14,16,30
seriously,31,25,56
seriousness,1,0,1
serling,1,0,1
serum,0,1,1
servant,0,2,2
serve,7,7,14
served,7,1,8
server,1,0,1
servers,1,0,1
serves,3,1,4
service,21,7,28
services,10,2,12
serving,4,6,10
servitude,0,1,1
sesame,1,1,2
sesotho,1,0,1
session,2,0,2
sessions,9,2,11
set,24,17,41
sets,4,0,4
setting,6,0,6
settings,1,0,1
settle,1,0,1
settled,3,3,6
settlements,1,0,1
settles,0,1,1
settling,1,0,1
setup,3,1,4
seven,2,0,2
sever,0,1,1
several,17,6,23
severe,0,1,1
severely,2,0,2
severly,1,0,1
sew,1,1,2
sewage,1,0,1
sewed,0,1,1
sewers,1,0,1
sex,21,32,53
sexal,1,0,1
sexism,3,2,5
sexist,2,1,3
sexists,0,1,1
sexual,24,35,59
sexuality,2,1,3
sexualize,1,0,1
sexually,6,10,16
sexy,17,10,27
seychelles,1,0,1
sez,1,1,2
sfos,1,0,1
sftv,0,1,1
sful,0,1,1
sh,4,5,9
sha,0,1,1
shabby,1,1,2
shackled,1,0,1
shaddowbanning,1,0,1
shade,4,1,5
shadow,4,2,6
shadowbanned,0,1,1
shadowed,2,0,2
shadows,0,1,1
shady,3,0,3
shaft,2,0,2
shafticus,1,0,1
shah,2,0,2
shake,3,1,4
shaken,1,0,1
shakes,0,1,1
shakha,0,1,1
shakily,1,0,1
shakin,1,0,1
shaking,3,3,6
shall,4,3,7
shallow,1,0,1
shalom,2,0,2
shalt,2,0,2
sham,1,2,3
shambles,2,0,2
shame,21,41,62
shameful,3,10,13
shameless,0,3,3
shamelessly,0,1,1
shamelessness,0,1,1
shamer,0,1,1
shames,1,0,1
shamifesto,1,0,1
shaming,0,1,1
shana,1,0,1
shanahan,1,0,1
shane,1,0,1
shannon,0,1,1
shape,5,3,8
shaping,1,0,1
shapiro,4,0,4
shaq,0,1,1
share,17,7,24
shared,2,1,3
shareholder,1,0,1
shares,4,0,4
sharing,7,1,8
shark,1,0,1
sharp,2,1,3
sharpens,1,0,1
sharper,1,0,1
sharpest,1,1,2
sharpie,0,1,1
sharyl,1,0,1
shastrartha,1,0,1
shat,0,2,2
shatta,0,1,1
shattered,1,1,2
shaunbaileyuk,1,0,1
shayad,1,0,1
shazam,2,0,2
shcool,1,0,1
she,1689,881,2570
shea,0,1,1
shears,1,0,1
shed,1,2,3
shedevil,0,1,1
sheep,8,6,14
sheeple,1,4,5
sheer,3,0,3
sheesh,2,0,2
sheet,1,1,2
sheets,2,1,3
sheila,2,0,2
sheister,1,0,1
shelby,1,0,1
sheldmaidens,0,1,1
shelf,1,0,1
shells,1,0,1
shelter,1,0,1
shelves,1,0,1
shenanigans,1,0,1
shep,2,0,2
shepell,1,0,1
shepherd,1,0,1
sheriff,0,2,2
shes,5,5,10
shev,1,0,1
shhh,5,2,7
shhhh,1,1,2
shid,1,0,1
shield,2,1,3
shielding,1,0,1
shift,6,3,9
shifted,2,0,2
shifting,2,0,2
shifts,1,0,1
shiit,0,1,1
shill,1,4,5
shills,1,0,1
shimmmy,0,1,1
shine,3,0,3
shined,1,0,1
shines,2,0,2
shining,4,0,4
shiny,1,0,1
ship,3,1,4
shipped,2,0,2
shipper,0,1,1
ships,1,0,1
shir,1,0,1
shirley,2,0,2
shirt,5,3,8
shirts,11,5,16
shit,37,324,361
shitbiscuit,0,1,1
shitcago,0,1,1
shite,3,4,7
shitgull,0,1,1
shithead,0,1,1
shitheads,0,1,1
shithole,1,2,3
shithouse,0,1,1
shitless,1,0,1
shitlib,1,0,1
shitlibs,1,0,1
shitposts,0,1,1
shits,2,5,7
shitshow,0,1,1
shitstream,0,1,1
shitt,0,1,1
shittalking,1,0,1
shitted,0,1,1
shitter,1,0,1
shittier,0,1,1
shittin,1,0,1
shitting,1,6,7
shitttt,0,2,2
shitty,3,17,20
shiva,2,0,2
shld,1,3,4
shmo,0,1,1
shock,4,0,4
shocked,9,5,14
shocker,1,0,1
shocking,4,5,9
shocktroops,1,0,1
shoe,1,1,2
shoes,6,1,7
shon,0,1,1
shone,0,1,1
shook,0,1,1
shoot,9,8,17
shooter,2,5,7
shooters,1,3,4
shooting,43,18,61
shootings,22,12,34
shootout,0,1,1
shoots,4,1,5
shop,4,1,5
shopper,0,1,1
shopping,1,2,3
shore,0,1,1
short,15,4,19
shortcummings,1,0,1
shorter,1,0,1
shortlisted,1,0,1
shorts,0,1,1
shortsighted,0,1,1
shorty,0,1,1
shot,40,23,63
shotgun,2,2,4
shotguns,0,1,1
shots,2,3,5
shoudn,1,0,1
should,338,181,519
shoulder,3,1,4
shoulders,2,0,2
shouldn,16,6,22
shouldnt,3,0,3
shouldve,1,0,1
shout,5,1,6
shouting,3,1,4
shoutout,2,0,2
shouts,1,1,2
shove,1,4,5
shovel,2,1,3
shoveling,0,1,1
shoving,0,1,1
show,98,54,152
showalter,0,1,1
showcased,1,0,1
showed,13,4,17
shower,0,2,2
showing,21,13,34
showman,1,0,1
showmance,1,0,1
shown,8,3,11
shows,24,23,47
shred,2,0,2
shree,0,1,1
shrink,1,1,2
shrio,0,1,1
shrug,1,0,1
shrugs,2,0,2
shtick,1,0,1
shu,1,0,1
shud,3,0,3
shuffle,1,0,1
shunned,0,1,1
shunning,1,0,1
shurmer,1,0,1
shush,2,0,2
shut,23,32,55
shutdown,1,1,2
shuting,0,1,1
shuts,0,2,2
shutting,3,1,4
shuttle,1,0,1
shuving,1,0,1
shy,1,1,2
shying,1,0,1
shyster,0,1,1
shyt,0,2,2
sicily,0,1,1
sick,24,58,82
sickening,3,4,7
sickens,3,0,3
sicker,0,1,1
sicking,1,0,1
sickness,2,0,2
sicko,0,2,2
sid,1,0,1
side,55,24,79
sided,3,2,5
sidekick,2,0,2
sideline,1,0,1
sidelines,0,1,1
sidenote,1,0,1
sides,23,14,37
sidewalk,2,1,3
sideways,1,0,1
sidhuji,1,0,1
siding,2,1,3
siege,1,0,1
siezing,1,0,1
sig,1,0,1
sigh,1,1,2
sighed,1,0,1
sighs,1,1,2
sight,3,1,4
sign,21,6,27
signage,1,0,1
signal,1,5,6
signaling,4,2,6
signals,1,0,1
signature,1,0,1
signatures,2,0,2
signed,5,3,8
significance,1,0,1
significant,6,1,7
significantly,1,0,1
signifies,1,0,1
signifing,0,1,1
signing,7,1,8
signs,6,3,9
sik,0,1,1
silas,1,0,1
silence,7,5,12
silenced,2,1,3
silent,7,6,13
silently,3,2,5
silk,2,1,3
silliness,0,1,1
silly,5,16,21
silver,1,2,3
silverback,1,0,1
simb,0,1,1
simcoe,1,0,1
similar,13,3,16
similarly,0,1,1
simmons,1,0,1
simon,1,0,1
simple,14,5,19
simples,0,1,1
simplistic,1,0,1
simply,21,11,32
sims,1,0,1
simultaneously,2,0,2
sin,2,1,3
since,100,48,148
sincere,1,0,1
sincerely,1,0,1
sincerity,1,0,1
sincero,1,0,1
sinclair,1,0,1
sinful,2,1,3
sing,4,0,4
singer,0,1,1
singing,2,6,8
single,19,12,31
sings,1,0,1
singular,2,0,2
singularly,1,0,1
sinister,0,1,1
sink,8,3,11
sinking,0,1,1
sinks,2,0,2
sinless,0,1,1
sinner,1,0,1
sinnfeinn,2,0,2
sins,2,2,4
siobhan,1,0,1
sip,1,0,1
sippin,1,0,1
sips,1,0,1
sir,15,9,24
sire,1,0,1
siri,0,1,1
sis,6,6,12
sister,13,8,21
sisterhood,0,1,1
sisters,3,0,3
sit,21,7,28
site,8,3,11
sites,1,2,3
sith,1,0,1
sitting,14,9,23
situation,11,8,19
situations,4,0,4
siwc,1,0,1
six,4,2,6
sixty,1,0,1
size,5,4,9
sizeable,1,0,1
sized,1,0,1
sj,0,1,1
sjc,1,0,1
sjshsj,0,1,1
sjsnsn,1,0,1
sjw,6,2,8
sjws,2,1,3
skank,1,0,1
skating,2,0,2
skeptical,1,3,4
skepticism,1,0,1
skeptics,1,0,1
skew,0,1,1
skewed,1,0,1
skewer,0,1,1
ski,1,0,1
skiddish,1,0,1
skies,1,0,1
skill,3,0,3
skilled,3,1,4
skills,8,2,10
skimmed,1,0,1
skin,11,5,16
skinner,1,1,2
skinnier,1,0,1
skinny,1,1,2
skins,1,0,1
skinsuit,1,0,1
skint,1,0,1
skip,3,1,4
skipped,1,0,1
skirted,1,0,1
skirts,0,1,1
skrull,1,0,1
skshsksk,1,0,1
skunk,1,0,1
sky,7,2,9
skyped,1,0,1
skyping,1,0,1
skyrocket,0,1,1
skyrocketed,1,0,1
slack,3,0,3
slagged,1,0,1
slain,1,0,1
slam,2,2,4
slammed,0,1,1
slamming,2,1,3
slams,1,0,1
slander,4,3,7
slandered,0,2,2
slandering,0,1,1
slanderous,0,1,1
slant,1,0,1
slanted,1,0,1
slap,2,6,8
slapper,0,1,1
slapping,0,1,1
slaps,0,2,2
slash,1,1,2
slashing,1,0,1
slaughter,0,3,3
slaughtered,2,0,2
slaughtering,0,1,1
slave,2,7,9
slavery,4,4,8
slaves,2,1,3
slaying,1,0,1
slc,1,0,1
sleazballs,0,1,1
sleaze,1,2,3
sleazy,2,1,3
sledge,1,0,1
sleeeeeeepppp,1,0,1
sleeeeeeeps,1,0,1
sleep,7,7,14
sleeping,4,4,8
sleepover,1,0,1
sleepwalking,1,0,1
sleepy,1,0,1
sleeves,0,1,1
sleeze,1,0,1
sleezy,1,1,2
slent,0,1,1
slept,2,0,2
slice,0,2,2
sliced,0,1,1
slick,2,1,3
slide,0,1,1
slider,1,0,1
sliding,0,1,1
slight,1,0,1
slightest,1,1,2
slightly,1,1,2
slim,1,2,3
slimeball,1,0,1
slimfast,1,0,1
slimy,1,2,3
sling,0,1,1
slinging,1,0,1
slip,2,3,5
slipped,0,1,1
slippery,2,0,2
slips,0,1,1
slither,0,1,1
sloane,1,0,1
slob,0,1,1
slobs,0,1,1
slogan,2,0,2
slogans,1,1,2
sloop,1,0,1
slop,0,1,1
slope,1,0,1
sloppy,2,0,2
slot,3,1,4
sloth,0,1,1
slouches,0,1,1
slovenly,0,1,1
slow,7,2,9
slowing,0,1,1
slowly,8,2,10
sluch,1,0,1
slugs,0,1,1
slur,2,0,2
slurs,1,0,1
slush,0,4,4
slut,0,3,3
sly,1,1,2
sm,5,2,7
smack,0,1,1
smacked,0,1,1
smacks,1,1,2
small,21,5,26
smaller,2,2,4
smallest,1,0,1
smart,21,20,41
smarter,9,5,14
smash,0,1,1
smashed,1,0,1
smashing,1,0,1
smdh,2,1,3
smear,12,6,18
smeared,1,1,2
smearing,3,0,3
smell,2,2,4
smelling,1,0,1
smells,0,3,3
smelly,1,0,1
smg,1,0,1
smh,11,9,20
smi,1,0,1
smile,12,1,13
smiled,2,0,2
smiles,2,0,2
smiling,3,0,3
smirky,0,1,1
smith,4,0,4
smithsgrove,0,1,1
smitten,1,0,1
smoke,3,4,7
smoked,0,3,3
smoken,1,0,1
smokes,0,1,1
smoking,4,5,9
smol,1,0,1
smolder,1,0,1
smoother,1,0,1
smoothing,1,0,1
smoove,0,1,1
smudge,1,0,1
smug,0,3,3
smut,2,1,3
snack,1,0,1
snake,2,6,8
snakes,2,1,3
snap,1,0,1
snapchat,0,1,1
snapped,1,0,1
snark,1,0,1
snatch,1,0,1
snatcher,1,0,1
snd,1,1,2
snead,0,1,1
sneak,1,1,2
sneakers,0,1,1
sneaking,0,1,1
sneaky,3,1,4
snell,0,1,1
sniffles,1,0,1
sniffs,0,2,2
snipers,1,0,1
snipped,0,1,1
snitched,0,1,1
snitching,0,1,1
snl,0,1,1
snm,1,0,1
snob,0,1,1
snoop,3,0,3
snooze,1,0,1
snopes,1,0,1
snot,0,1,1
snotbarryroux,1,0,1
snow,5,1,6
snowballed,1,0,1
snowballs,0,1,1
snowflake,6,4,10
snowflakes,4,5,9
snp,3,0,3
snuffy,2,0,2
so,826,460,1286
soap,0,1,1
soapbox,0,1,1
soaring,1,0,1
sob,2,2,4
sobbed,1,0,1
sobbing,0,1,1
sober,2,0,2
sobs,0,1,1
sobti,1,0,1
soccer,4,1,5
sociability,0,1,1
social,44,18,62
socialise,1,0,1
socialism,9,12,21
socialist,27,15,42
socialists,8,9,17
socialization,1,0,1
socially,1,0,1
socialsurvey,1,0,1
societal,2,0,2
societies,1,0,1
society,28,23,51
socioeconomic,1,0,1
sociopath,2,7,9
sociopaths,1,0,1
sock,2,1,3
socks,0,1,1
sod,1,1,2
soda,1,0,1
sofa,1,0,1
soft,7,3,10
softest,1,0,1
softly,1,0,1
solar,1,0,1
sold,9,6,15
soldier,4,2,6
soldiers,5,3,8
sole,1,0,1
solely,2,1,3
soley,1,0,1
solid,6,2,8
solidarity,3,2,5
solidify,1,0,1
solo,2,0,2
solution,8,6,14
solutions,1,4,5
solve,9,2,11
solved,2,1,3
solvent,1,0,1
solves,1,0,1
solving,0,1,1
sombody,0,1,1
some,175,137,312
somebody,11,11,22
somecunt,0,1,1
someday,2,0,2
somehow,17,10,27
someone,101,64,165
someones,0,2,2
somerset,1,0,1
something,100,50,150
sometime,3,1,4
sometimes,16,5,21
someway,1,0,1
somewhat,2,2,4
somewhere,7,7,14
somone,0,1,1
son,23,6,29
song,12,5,17
songs,1,4,5
sonic,0,1,1
sonja,0,4,4
sonnet,1,0,1
sonnuva,1,0,1
sonofabitch,0,1,1
sons,5,1,6
sony,0,1,1
soo,1,0,1
soon,36,21,57
sooner,2,1,3
sooo,8,1,9
soooo,6,4,10
sooooo,2,0,2
sooooooo,0,1,1
sooooooooo,1,0,1
soooooounds,0,1,1
soothing,1,0,1
sop,1,0,1
sor,1,0,1
sore,2,5,7
sorely,1,0,1
soros,46,22,68
sorry,68,37,105
sort,8,7,15
sorta,0,1,1
sorted,2,0,2
sorts,2,1,3
sos,1,0,1
sotomayer,1,0,1
sought,3,0,3
soul,11,12,23
soulless,0,1,1
soulmate,1,0,1
souls,1,2,3
sound,18,9,27
soundbite,0,1,1
sounded,1,3,4
sounding,1,0,1
soundly,1,0,1
sounds,29,17,46
soundtrack,0,1,1
soup,1,0,1
sour,2,0,2
source,14,3,17
sources,8,1,9
south,12,3,15
southern,3,2,5
southpole,1,0,1
soutien,1,0,1
souza,1,0,1
sovereign,3,1,4
sovereignty,2,1,3
soviet,1,2,3
sow,1,1,2
soweto,2,0,2
sows,1,1,2
sox,3,0,3
soy,4,3,7
soyboy,0,1,1
sp,0,2,2
spa,2,0,2
space,7,2,9
spaces,3,0,3
spade,2,2,4
spain,0,1,1
spam,2,2,4
span,1,0,1
spanish,0,3,3
spank,0,1,1
spanked,0,1,1
spanking,1,0,1
spanky,0,1,1
spar,1,0,1
spare,2,3,5
spared,0,1,1
spark,0,1,1
sparking,1,0,1
sparky,0,1,1
spartacus,9,1,10
spartan,0,1,1
spat,1,0,1
spath,0,1,1
spawn,2,0,2
spawns,1,0,1
spd,1,0,1
speach,0,3,3
speak,32,22,54
speaker,8,2,10
speakers,1,0,1
speakin,1,0,1
speaking,22,7,29
speaks,16,7,23
special,23,9,32
specialist,2,0,2
specialists,1,0,1
specially,1,0,1
species,1,0,1
specific,12,4,16
specifically,5,0,5
specification,0,1,1
specifics,2,0,2
specified,1,0,1
specify,1,1,2
spectacle,1,0,1
spectacles,1,0,1
spectacular,1,1,2
spectrum,2,0,2
speculate,1,0,1
speculating,1,0,1
sped,1,0,1
speech,30,23,53
speeches,1,2,3
speechless,1,0,1
speed,7,2,9
speedboost,1,0,1
speeding,2,0,2
speeds,1,0,1
speedster,1,0,1
speedy,2,0,2
spell,4,1,5
spelled,0,1,1
spelling,0,1,1
spells,1,0,1
spend,9,10,19
spending,21,3,24
spends,3,1,4
spent,13,6,19
speshul,0,1,1
spew,0,2,2
spewed,4,3,7
spewing,2,6,8
spews,1,2,3
sphincter,1,0,1
spice,0,1,1
spiced,1,0,1
spicer,1,0,1
spicoli,0,1,1
spicy,2,0,2
spider,1,1,2
spiderman,1,2,3
spiders,1,0,1
spie,0,1,1
spies,1,0,1
spike,1,0,1
spiking,0,1,1
spill,4,0,4
spilled,0,1,1
spills,1,0,1
spin,7,2,9
spinach,1,0,1
spine,2,0,2
spineless,2,0,2
spinner,1,0,1
spinning,3,0,3
spiralling,1,0,1
spirit,9,2,11
spirited,1,2,3
spiritual,0,2,2
spiritually,0,1,1
spit,1,3,4
spite,0,1,1
spiteful,0,1,1
spitting,0,1,1
spittoon,0,1,1
splc,3,0,3
splendidrainco,1,0,1
splinter,1,0,1
split,11,0,11
splits,1,0,1
splitting,0,1,1
spoil,1,0,1
spoiled,4,9,13
spoiler,0,2,2
spoilt,0,1,1
spoke,8,4,12
spoken,1,1,2
spokesman,0,1,1
spokesperson,4,0,4
sponge,1,0,1
sponser,1,0,1
sponsor,0,1,1
sponsored,1,2,3
sponsors,2,0,2
spontaneous,1,0,1
spontaneously,1,0,1
spook,0,1,1
spooky,3,0,3
spoon,1,0,1
spoonfeeding,1,0,1
sporaenresistencia,1,0,1
sport,9,6,15
sportbooks,1,0,1
sporting,2,0,2
sports,12,4,16
sportscasters,0,1,1
sportsman,1,0,1
sportsmanship,0,1,1
sportster,1,0,1
spot,12,0,12
spotlight,4,2,6
spots,1,3,4
spotting,1,0,1
spotty,1,0,1
spout,0,2,2
spouting,0,2,2
spox,1,0,1
spray,3,2,5
sprayed,1,0,1
spraying,1,0,1
spread,10,7,17
spreading,9,6,15
spreads,1,1,2
spreadsheets,0,1,1
spree,1,1,2
spring,1,0,1
springer,0,1,1
springfield,1,0,1
springs,0,1,1
sprint,1,0,1
spunk,0,1,1
spunktrumpet,1,0,1
spurs,0,1,1
spy,7,4,11
spygate,1,0,1
spying,0,1,1
squabbles,0,1,1
squad,6,3,9
squalor,0,1,1
square,2,0,2
squash,2,0,2
squashed,0,1,1
squat,2,0,2
squeal,1,1,2
squeeze,2,1,3
squelch,1,0,1
squirm,0,2,2
squirt,1,0,1
squishy,1,1,2
sr,0,1,1
sri,0,1,1
srsly,0,1,1
ss,3,3,6
ssf,0,1,1
sshats,0,1,1
sshh,1,0,1
ssi,1,0,1
ssm,0,1,1
ssshhhhhiiiiiiiiiiiiiiiit,1,0,1
st,20,8,28
stab,3,3,6
stabbed,1,0,1
stabber,0,1,1
stable,4,0,4
stache,0,1,1
stack,0,2,2
stacked,1,0,1
stacks,1,0,1
stadium,1,1,2
stadiums,1,0,1
staff,8,0,8
staffed,0,1,1
staffers,2,0,2
stafford,1,0,1
stage,6,5,11
staged,2,1,3
stages,3,0,3
staggering,1,0,1
staging,2,0,2
stagnant,1,0,1
stagnated,1,0,1
stained,0,1,1
staining,1,0,1
stairway,1,0,1
stake,3,1,4
stakes,1,0,1
stale,2,1,3
stalin,0,3,3
stalinist,1,0,1
stalk,1,1,2
stalked,1,0,1
stalker,2,0,2
stalkers,1,0,1
stalking,2,2,4
stall,4,3,7
stalling,1,3,4
stamp,2,1,3
stamps,3,0,3
stan,3,3,6
stance,12,3,15
stanced,1,0,1
stand,74,25,99
standadd,1,0,1
standard,11,5,16
standardised,1,0,1
standards,8,3,11
standby,0,1,1
standin,1,0,1
standing,16,13,29
stands,11,9,20
standup,1,0,1
stanley,1,0,1
stans,0,1,1
staple,1,0,1
star,16,9,25
starbucks,0,1,1
stard,1,0,1
stare,1,0,1
stares,2,0,2
starfire,1,0,1
starfleet,1,0,1
staring,2,0,2
stark,1,0,1
starlet,0,1,1
starlight,1,0,1
starred,1,0,1
starring,1,2,3
stars,7,2,9
start,64,50,114
started,29,16,45
starter,4,0,4
starters,2,0,2
starting,14,11,25
startled,1,0,1
starts,5,0,5
starvation,1,1,2
starved,1,0,1
starving,2,0,2
stat,2,0,2
state,83,36,119
stated,6,3,9
stately,1,0,1
statement,29,7,36
statements,6,1,7
states,32,12,44
stating,2,4,6
station,1,3,4
statist,1,0,1
statistic,2,1,3
statistical,1,0,1
statistics,1,1,2
stats,8,2,10
statue,3,1,4
statues,6,0,6
status,10,1,11
statute,2,0,2
statutory,0,1,1
staunch,2,1,3
stax,0,1,1
stay,39,20,59
stayed,4,3,7
staying,5,0,5
stays,3,1,4
stbirthday,0,1,1
std,1,0,1
stds,0,1,1
steadily,1,0,1
steady,2,3,5
steak,2,0,2
steal,3,5,8
stealing,4,5,9
steals,1,2,3
stealth,2,0,2
stealthily,1,0,1
steam,2,0,2
steamburgen,1,0,1
steamrolled,0,1,1
steamrolling,0,1,1
steamy,1,1,2
steel,4,2,6
steele,1,0,1
steelers,1,1,2
steepppp,0,1,1
steer,2,0,2
steffy,1,0,1
steinbrenner,0,1,1
stellar,3,0,3
stem,1,0,1
stems,2,0,2
step,17,9,26
stepdown,1,0,1
steph,1,0,1
stephen,1,0,1
steping,1,0,1
stepped,2,1,3
steppenwolf,1,0,1
stepping,2,3,5
steps,4,1,5
stereotype,0,1,1
stereotypes,1,0,1
sterilize,1,0,1
sterilizing,1,0,1
sterling,1,0,1
stern,2,0,2
steroid,1,2,3
steroids,0,1,1
steve,2,3,5
steven,2,0,2
stevens,1,0,1
steves,0,1,1
stevie,1,0,1
steward,1,0,1
stfu,1,9,10
stick,8,8,16
sticker,3,0,3
stickers,0,1,1
stickerwoman,2,0,2
sticking,3,2,5
stickman,0,1,1
sticks,1,1,2
stiffen,1,0,1
stifle,1,0,1
stiglitz,1,0,1
stigma,1,0,1
still,203,99,302
stink,1,1,2
stinking,0,1,1
stinks,2,2,4
stinky,0,1,1
stipulations,1,0,1
stir,2,1,3
stiring,1,0,1
stirrer,1,0,1
stitches,1,0,1
stl,1,0,1
stock,10,2,12
stockbroker,1,0,1
stockholm,0,1,1
stocks,1,1,2
stoke,1,0,1
stoked,2,0,2
stolded,1,0,1
stole,3,5,8
stolen,4,2,6
stomach,1,4,5
stomp,1,0,1
stomped,0,1,1
stomping,0,1,1
stone,3,1,4
stonecutter,1,0,1
stoned,2,2,4
stoneman,1,0,1
stones,1,0,1
stonewalling,2,0,2
stood,9,2,11
stooge,1,1,2
stooges,1,0,1
stoopid,0,1,1
stop,110,102,212
stoppage,0,1,1
stopped,10,5,15
stopping,3,2,5
stops,5,2,7
storage,1,0,1
store,5,3,8
stores,3,0,3
stories,17,6,23
storm,6,4,10
stormy,6,2,8
story,48,24,72
straight,14,16,30
straighten,2,0,2
straightening,1,0,1
strait,1,0,1
straka,1,0,1
stranahahn,0,2,2
stranded,1,0,1
strange,12,2,14
strangely,1,0,1
stranger,2,1,3
strangers,7,7,14
strapped,1,0,1
straps,0,1,1
strasburgh,1,0,1
strategic,3,0,3
strategy,9,2,11
strauss,1,1,2
straussdoublesdown,1,0,1
straw,0,3,3
straws,0,3,3
stray,1,1,2
streak,1,0,1
stream,5,4,9
streamed,0,1,1
streamer,0,1,1
streaming,1,0,1
streams,0,1,1
street,7,8,15
streeter,1,0,1
streetlights,1,0,1
streets,11,9,20
strength,7,0,7
strengthened,2,0,2
stress,2,0,2
stressing,1,0,1
stretch,2,2,4
stretched,1,1,2
stretcher,1,0,1
stretching,1,0,1
strict,24,15,39
stricter,12,2,14
strictest,8,8,16
strictly,3,0,3
strike,2,1,3
strikes,1,2,3
striking,5,0,5
string,2,2,4
stringent,1,1,2
strinkingly,1,0,1
strip,5,3,8
stripes,0,1,1
striping,0,1,1
stripper,1,0,1
stripping,2,0,2
strips,1,0,1
strive,1,0,1
striving,2,0,2
stroke,1,0,1
stroking,1,0,1
strokz,1,0,1
stroll,1,0,1
strong,36,6,42
stronger,8,7,15
strongest,5,0,5
struck,1,0,1
structural,1,0,1
structure,2,1,3
structured,1,0,1
struggle,3,2,5
struggles,2,0,2
struggling,0,1,1
strung,1,0,1
strzok,0,1,1
stubbornly,0,1,1
stubby,0,1,1
stuck,5,6,11
student,14,7,21
students,21,7,28
studied,2,0,2
studies,2,4,6
studio,2,0,2
study,8,3,11
stuff,25,14,39
stuffing,1,1,2
stunned,3,0,3
stunning,9,0,9
stunt,2,3,5
stunts,1,1,2
stupid,10,112,122
stupidest,0,1,1
stupidity,1,11,12
sturmabteilung,0,2,2
sturmer,1,0,1
sturridge,0,1,1
style,13,6,19
stylist,0,1,1
stylistic,1,0,1
sub,2,0,2
subj,1,0,1
subject,18,5,23
subjective,3,0,3
subjugation,1,0,1
sublime,1,0,1
submission,0,1,1
submissions,2,0,2
submit,3,1,4
subordinate,1,0,1
subpoena,1,0,1
subpoenaed,1,0,1
subpoenas,0,1,1
subprime,0,2,2
subs,3,0,3
subsaharan,1,0,1
subscriber,2,0,2
subscribers,1,0,1
subsection,1,0,1
subsequent,2,0,2
subset,3,0,3
subside,1,0,1
subsidies,1,0,1
subsidised,1,0,1
subsidy,1,0,1
substance,1,1,2
substantial,2,0,2
substantially,2,0,2
substantiate,0,1,1
substantiated,2,0,2
substantive,1,0,1
subtitled,0,1,1
subtly,0,1,1
subversion,2,0,2
subvert,2,1,3
subverting,1,0,1
succeed,5,0,5
succeeding,1,0,1
success,6,4,10
successes,1,0,1
successful,12,10,22
successfully,4,1,5
succinctly,1,0,1
succumbed,1,0,1
suceess,1,0,1
sucessful,1,0,1
such,102,73,175
suck,8,27,35
suckage,1,0,1
sucked,1,2,3
sucker,0,2,2
suckers,1,3,4
suckin,0,1,1
sucking,2,5,7
sucks,7,47,54
sucky,1,0,1
sudden,4,1,5
suddenly,15,2,17
sue,0,4,4
sued,4,1,5
suede,1,0,1
sues,0,1,1
suffer,5,4,9
suffered,2,0,2
suffering,4,5,9
suffers,1,0,1
sufficient,0,1,1
suffisait,0,1,1
suffragettes,1,0,1
suggest,14,3,17
suggested,0,1,1
suggesting,6,1,7
suggests,1,0,1
suicide,5,7,12
suicides,0,1,1
suing,2,0,2
suit,5,3,8
suitable,1,0,1
suite,1,1,2
suits,1,1,2
sullied,0,1,1
sullivan,1,0,1
sum,0,2,2
sumerian,0,1,1
summary,0,1,1
summer,8,1,9
summit,1,0,1
summons,1,3,4
sumn,1,0,1
sums,5,1,6
sun,1,2,3
sunblock,1,0,1
sunday,7,3,10
sundown,0,1,1
sung,1,0,1
sunk,2,1,3
sunken,0,1,1
sunny,0,2,2
sunrise,1,0,1
sunset,2,1,3
sunshine,4,2,6
suntanning,0,1,1
suny,1,0,1
super,24,9,33
supergirl,1,0,1
superhero,1,0,1
superheroes,1,0,1
superior,3,3,6
supermajority,1,0,1
superman,10,1,11
superpower,1,0,1
supersized,1,1,2
supersoldier,1,0,1
supersoldiers,2,0,2
superstar,1,2,3
superstars,1,0,1
superstitious,1,0,1
supervision,0,1,1
supes,1,0,1
supplied,1,0,1
supplies,5,2,7
supply,5,2,7
suppor,0,1,1
support,127,63,190
supported,10,9,19
supporter,12,4,16
supporters,57,27,84
supporting,38,14,52
supports,18,6,24
suppose,6,7,13
supposed,22,10,32
supposedly,9,2,11
supposition,1,0,1
suppress,2,0,2
suppression,1,3,4
supremacist,4,3,7
supremacists,4,3,7
supremacy,4,4,8
suprematists,1,0,1
supreme,18,16,34
supremecists,1,0,1
supremeists,1,0,1
supremo,1,0,1
supression,1,0,1
sure,133,66,199
surely,8,6,14
surfaced,2,0,2
surfacing,1,0,1
surfing,1,1,2
surgeons,0,1,1
surgery,2,1,3
surley,1,0,1
surpass,1,0,1
surpassing,2,0,2
surpise,0,1,1
surplus,1,1,2
surprise,7,5,12
surprised,17,9,26
surprising,3,4,7
surprisingly,1,0,1
surrender,4,2,6
surrendered,1,0,1
surrounded,3,1,4
surrounding,1,0,1
surrounds,1,0,1
surveillance,1,1,2
survival,4,1,5
survive,5,3,8
survived,1,1,2
surviving,1,0,1
survivor,0,2,2
survivors,3,0,3
susan,2,0,2
sushi,4,0,4
sushma,0,1,1
suspect,5,3,8
suspected,1,0,1
suspects,0,1,1
suspend,1,1,2
suspended,10,1,11
suspends,0,1,1
suspension,3,0,3
suspensions,2,1,3
suspicion,1,0,1
suspicious,2,3,5
sustain,1,0,1
sutherland,1,0,1
sverige,1,0,1
swagger,0,1,1
swallow,4,0,4
swallowed,1,1,2
swallwell,0,1,1
swalwell,3,1,4
swamp,13,14,27
swampers,1,0,1
swansea,0,1,1
swapping,0,2,2
swaraj,0,1,1
swarm,0,1,1
swastikas,0,1,1
swathes,0,1,1
sway,1,1,2
swaying,1,0,1
sways,0,1,1
swear,5,5,10
swearer,2,0,2
sweating,1,1,2
sweatshirt,1,0,1
sweden,3,1,4
swedes,1,0,1
swedish,2,1,3
sweeping,1,0,1
sweepstakes,0,1,1
sweet,26,4,30
sweetest,6,0,6
sweetheart,3,0,3
sweetie,5,1,6
sweetness,1,0,1
swift,1,2,3
swimsuit,0,1,1
swing,2,0,2
swinging,0,2,2
swings,0,2,2
swinson,0,1,1
swiss,0,1,1
switch,4,0,4
switched,1,0,1
switcher,0,1,1
switches,1,0,1
switzerland,0,1,1
sword,2,0,2
swords,1,1,2
swore,0,1,1
swr,1,0,1
swung,0,1,1
sy,0,1,1
sycophant,1,0,1
sycophantic,0,1,1
sycophants,1,1,2
sylvester,1,0,1
symbol,4,2,6
symbolises,0,1,1
sympathies,1,0,1
sympathize,1,0,1
sympathizer,0,1,1
sympathizers,1,0,1
sympathizes,0,1,1
sympathy,6,2,8
symptom,1,0,1
symptoms,1,0,1
synch,1,0,1
synchronicity,1,0,1
syndicate,1,1,2
syndrome,3,4,7
synonymous,2,0,2
syntactically,1,0,1
syracuse,0,1,1
syria,0,1,1
syrian,0,1,1
system,21,13,34
systemic,0,1,1
systems,3,0,3
szczepanski,1,0,1
tabby,2,0,2
table,2,4,6
taboo,1,0,1
tabs,1,0,1
tack,2,1,3
tackle,1,1,2
tacos,0,1,1
tacozt,0,1,1
tacs,1,0,1
tactic,17,6,23
tactically,0,1,1
tactics,14,12,26
tad,0,2,2
taeyoun,0,1,1
tag,5,3,8
tagged,0,1,1
tagging,1,0,1
tail,1,0,1
tails,0,1,1
tainted,1,0,1
take,164,93,257
takedown,1,0,1
taken,21,11,32
takendted,0,1,1
takeover,5,0,5
takes,27,14,41
taking,56,16,72
taklked,1,0,1
tale,0,1,1
talent,9,2,11
talented,12,0,12
tales,2,1,3
talk,77,38,115
talked,5,5,10
talker,1,0,1
talkin,2,2,4
talking,60,58,118
talks,14,8,22
tall,4,1,5
taller,1,0,1
tallest,1,2,3
tamir,1,0,1
tammy,1,0,1
tana,1,1,2
tangerine,1,0,1
tangled,0,1,1
tango,0,1,1
tank,2,3,5
tanked,0,1,1
tanking,0,1,1
tanks,1,0,1
tanner,1,0,1
tanrums,1,0,1
tantamount,1,0,1
tantrum,7,3,10
tantrums,4,4,8
tanzania,1,0,1
tap,0,2,2
tapah,1,0,1
tapdance,1,0,1
tape,4,3,7
tapper,0,1,1
tarah,1,0,1
taravat,1,0,1
target,21,8,29
targeted,3,3,6
targeting,6,2,8
targets,3,0,3
tariffs,2,0,2
tarmac,1,1,2
tarnished,1,0,1
tarzan,1,0,1
taser,1,0,1
task,2,1,3
taste,4,0,4
tasted,0,1,1
tasting,0,1,1
tat,1,0,1
tata,1,0,1
tatas,0,1,1
tattoo,1,1,2
tattoos,1,1,2
tatts,1,0,1
taught,3,2,5
taurus,1,0,1
tax,32,20,52
taxation,1,0,1
taxes,20,10,30
taxi,1,0,1
taxpayer,7,0,7
taxpayers,11,4,15
taxreform,1,0,1
taylor,0,1,1
tays,0,1,1
tbc,0,1,1
tbere,0,1,1
tbey,0,1,1
tbf,1,0,1
tbh,10,5,15
tbose,1,0,1
tbqh,0,1,1
tc,2,0,2
td,2,0,2
tdavis,0,1,1
tdp,0,1,1
tds,6,3,9
te,1,1,2
tea,7,2,9
teach,6,9,15
teacher,6,3,9
teachers,6,8,14
teaches,2,0,2
teaching,11,7,18
teachings,0,1,1
tealest,0,1,1
team,46,16,62
teams,6,1,7
teamwork,0,1,1
tear,7,3,10
tearing,3,3,6
tears,7,5,12
tease,1,0,1
teased,1,0,1
teasers,1,0,1
tech,6,2,8
technical,1,1,2
technically,2,1,3
technique,2,0,2
techniques,2,1,3
techno,1,0,1
technological,1,0,1
technology,4,0,4
tectics,0,1,1
ted,11,6,17
teds,1,0,1
tee,1,0,1
teen,5,1,6
teenage,2,3,5
teenager,0,1,1
teenagers,2,1,3
teens,2,1,3
teetering,0,1,1
teeth,2,2,4
teju,1,0,1
telecom,1,0,1
telegram,1,0,1
telephone,2,0,2
teleports,1,0,1
telesmokacatin,0,1,1
television,0,3,3
telford,1,0,1
teli,2,0,2
tell,107,54,161
teller,2,0,2
telling,44,15,59
tells,8,11,19
telltale,0,1,1
tellu,1,0,1
telly,1,0,1
temp,1,1,2
tempe,0,1,1
temper,5,3,8
temperament,1,0,1
temperamental,1,0,1
temperature,1,1,2
tempered,0,1,1
temple,1,0,1
temples,1,0,1
tempor,1,0,1
temporarily,2,0,2
tempted,1,0,1
ten,8,1,9
tenacity,1,0,1
tenants,0,1,1
tend,4,1,5
tendencies,2,1,3
tendency,3,0,3
tending,1,0,1
tenet,1,0,1
tenets,1,0,1
tennant,1,0,1
tennessee,1,0,1
tennis,13,6,19
tens,0,1,1
tense,1,0,1
tension,1,0,1
tensor,2,0,2
tentacle,0,1,1
tents,1,0,1
tepper,1,0,1
term,32,8,40
terminal,2,0,2
termination,1,1,2
terms,12,9,21
terps,1,0,1
terrible,15,14,29
terrific,1,1,2
terrified,3,1,4
terrifying,0,2,2
terriorist,0,1,1
territory,2,2,4
terroism,0,1,1
terror,7,7,14
terrorism,5,4,9
terrorist,22,25,47
terrorists,13,24,37
terrorize,1,0,1
terrorsits,0,1,1
terry,0,1,1
tesco,2,1,3
tesla,1,0,1
tess,0,1,1
tessa,1,0,1
tessyfiy,0,1,1
test,12,7,19
testament,0,1,1
testifies,0,1,1
testify,20,3,23
testifying,3,0,3
testimony,1,1,2
testing,4,1,5
testosterone,0,1,1
testy,0,1,1
teump,1,0,1
tevagas,1,0,1
texan,1,1,2
texans,5,4,9
texas,33,14,47
text,5,3,8
textbook,1,0,1
textbooks,1,0,1
texted,2,0,2
tf,2,3,5
tfrump,1,0,1
tfw,0,1,1
tge,1,1,2
th,39,13,52
tha,0,1,1
thaddeus,1,0,1
tham,0,1,1
thames,1,0,1
than,223,138,361
thank,164,24,188
thanked,0,1,1
thankful,7,2,9
thankfully,2,0,2
thanking,2,3,5
thanknyou,1,0,1
thanks,86,16,102
thanksgiving,0,1,1
thanos,0,1,1
thanx,2,0,2
that,1873,1174,3047
thatcher,3,2,5
thatd,0,1,1
thats,30,25,55
thay,1,0,1
the,5824,3250,9074
theater,1,1,2
theatre,2,0,2
theatres,0,1,1
theatrics,1,1,2
theats,1,0,1
thebills,1,0,1
thed,1,0,1
thee,0,2,2
theft,2,1,3
theif,1,0,1
their,391,299,690
theirs,4,0,4
theist,1,0,1
them,350,209,559
themfaux,1,0,1
themself,1,0,1
themselves,44,26,70
then,223,120,343
theologically,1,0,1
theology,1,0,1
theonomists,1,0,1
theories,5,1,6
theorist,1,0,1
theory,5,2,7
therapist,5,2,7
therapy,1,0,1
there,399,187,586
thereby,1,1,2
therefor,1,0,1
therefore,7,3,10
theres,3,3,6
theresa,10,6,16
therese,1,0,1
thereupon,1,0,1
these,174,162,336
theu,0,1,1
thewhitehouse,1,0,1
they,980,685,1665
theyll,1,0,1
theyre,2,1,3
thf,0,1,1
thgs,0,1,1
thick,3,2,5
thickens,0,1,1
thickest,1,0,1
thief,2,2,4
thier,3,1,4
thieves,0,1,1
thighs,0,1,1
thin,1,4,5
thing,122,88,210
thingie,1,0,1
things,93,46,139
think,363,192,555
thinker,4,1,5
thinkers,3,0,3
thinkin,0,1,1
thinking,41,23,64
thinks,33,36,69
thinly,1,0,1
thinner,1,0,1
thinx,1,0,1
third,11,2,13
thirium,1,0,1
thirsty,1,0,1
thirties,1,0,1
thirty,4,0,4
this,1099,755,1854
thiswacko,1,0,1
thivery,0,1,1
tho,18,12,30
thomas,8,5,13
thor,1,0,1
thorn,0,1,1
thoroughly,2,0,2
thort,1,0,1
thos,1,1,2
those,132,108,240
thot,1,1,2
thou,5,0,5
though,58,28,86
thought,85,37,122
thoughtful,3,0,3
thoughts,18,3,21
thousand,4,1,5
thousands,8,7,15
thrash,1,0,1
thre,0,1,1
thread,13,7,20
threads,1,0,1
threat,13,10,23
threaten,3,7,10
threatened,5,3,8
threatening,9,8,17
threatens,1,1,2
threats,22,16,38
three,16,5,21
threichnwo,0,1,1
threw,4,3,7
thrill,2,0,2
thrilled,5,0,5
thrive,2,1,3
thrives,0,1,1
throat,3,4,7
throgh,0,1,1
throne,1,1,2
throttling,1,0,1
through,76,33,109
throughout,1,2,3
throw,17,14,31
throwing,3,14,17
thrown,7,7,14
throws,4,0,4
thru,3,3,6
thry,1,0,1
thst,1,1,2
tht,0,1,1
thu,1,0,1
thug,2,2,4
thugaratti,1,0,1
thuggish,1,0,1
thugs,7,16,23
thulare,1,0,1
thumb,0,2,2
thumbs,1,0,1
thump,1,0,1
thunks,1,0,1
thursday,4,2,6
thus,6,1,7
thw,0,1,1
thwart,0,1,1
thwarted,1,0,1
thx,0,1,1
thyats,1,0,1
tibet,1,0,1
tic,1,0,1
ticians,0,1,1
tick,1,3,4
ticket,6,0,6
tickets,5,0,5
ticktock,1,0,1
tide,5,1,6
tidy,0,1,1
tie,2,0,2
tied,0,2,2
tier,1,0,1
tiered,0,1,1
ties,5,1,6
tifa,1,0,1
tiffany,1,0,1
tiger,1,1,2
tigers,1,0,1
tight,4,4,8
tighter,1,0,1
tighty,1,0,1
tihnks,0,1,1
tikoo,0,1,1
til,1,1,2
till,9,7,16
tilted,1,0,1
tim,5,2,7
time,259,136,395
timed,1,0,1
timeline,3,0,3
timelines,1,0,1
timely,0,2,2
times,45,20,65
timetable,1,0,1
timid,1,0,1
timing,6,1,7
tin,2,0,2
tina,5,0,5
tincture,1,0,1
tinderbox,0,1,1
tingling,1,0,1
tint,0,1,1
tinubu,0,2,2
tiny,2,2,4
tinys,1,0,1
tip,2,0,2
tippi,1,0,1
tips,1,0,1
tire,1,1,2
tired,25,13,38
tires,1,0,1
tiresome,0,1,1
tiring,0,1,1
tis,0,1,1
tit,0,2,2
titan,1,0,1
titanic,2,0,2
title,6,8,14
titles,1,0,1
tits,0,2,2
titties,1,0,1
titty,0,1,1
titus,1,0,1
tje,0,1,1
tjhan,1,0,1
tl,2,2,4
tm,2,0,2
tmart,1,0,1
tmi,0,1,1
tml,1,0,1
tmx,1,0,1
tn,3,0,3
to,4050,2269,6319
toad,2,2,4
toadette,1,0,1
toadstool,0,1,1
toast,5,2,7
toby,1,0,1
tock,0,3,3
today,86,23,109
todays,2,0,2
todd,1,0,1
toddler,1,0,1
toddlers,1,0,1
toe,1,3,4
toeing,1,0,1
toenails,0,1,1
toffee,1,0,1
tofu,2,0,2
together,35,21,56
toh,1,0,1
toilet,0,3,3
token,1,0,1
told,38,21,59
tolerable,0,1,1
tolerance,1,2,3
tolerant,2,2,4
tolerate,2,1,3
toll,1,2,3
tolls,2,0,2
tom,10,5,15
tombstone,1,0,1
tomlins,1,0,1
tommy,4,0,4
tomorrow,15,8,23
ton,3,0,3
tone,2,3,5
toned,1,0,1
tongs,0,1,1
tongue,2,2,4
tonight,21,2,23
tons,3,1,4
tony,1,3,4
too,225,113,338
took,41,20,61
tool,10,6,16
toolbox,1,0,1
tools,4,2,6
tooo,1,0,1
tooth,1,0,1
toothless,1,0,1
top,27,17,44
topic,5,0,5
topics,4,2,6
torb,0,2,2
torches,0,1,1
torey,1,0,1
tories,13,7,20
torn,0,1,1
toronto,3,1,4
tortured,1,0,1
tory,14,9,23
torys,1,0,1
tos,0,2,2
toss,2,2,4
tossed,2,0,2
tosser,1,0,1
total,13,28,41
totalitarain,0,1,1
totalitarian,1,1,2
totally,24,15,39
totals,1,0,1
totes,1,0,1
toting,2,0,2
tottori,1,0,1
touch,14,6,20
touchdown,1,0,1
touched,2,1,3
toucher,1,0,1
touchy,1,0,1
tough,13,6,19
toughen,1,0,1
tougher,4,3,7
toughest,4,3,7
tour,6,1,7
touring,1,1,2
tourism,1,0,1
tourist,2,0,2
tourists,1,0,1
tournament,4,2,6
tours,1,0,1
tout,1,0,1
touting,1,0,1
tova,1,0,1
tow,2,1,3
toward,2,4,6
towards,16,5,21
towed,1,0,1
towel,1,1,2
towels,1,3,4
tower,1,2,3
town,11,7,18
townhalls,0,1,1
towns,0,1,1
towrds,0,1,1
toxic,2,4,6
toxins,1,0,1
toy,1,1,2
toys,2,1,3
tp,2,0,2
tpp,3,0,3
traced,2,0,2
traces,1,0,1
track,6,1,7
tracking,1,0,1
tracks,3,1,4
tracksuit,1,0,1
tract,0,1,1
trade,12,15,27
traded,1,0,1
trademark,1,0,1
trader,2,1,3
trades,1,0,1
trading,1,0,1
tradition,0,2,2
traditional,3,0,3
traditionalist,0,1,1
traditionalists,1,1,2
traditions,0,1,1
traffic,3,2,5
trafficker,0,1,1
traffickers,1,0,1
trafficking,0,1,1
tragedies,1,0,1
tragedy,1,5,6
tragic,1,3,4
trail,1,3,4
trailer,3,2,5
trailing,1,0,1
train,4,4,8
trained,4,3,7
trainer,0,1,1
training,14,3,17
trains,2,1,3
traitor,0,17,17
traitors,1,5,6
tranny,1,1,2
tranquility,1,0,1
trans,9,1,10
transcending,0,1,1
transfer,4,1,5
transference,2,0,2
transforming,0,1,1
transgender,1,1,2
transgenders,0,2,2
transit,1,0,1
transition,1,1,2
translate,1,1,2
translation,1,1,2
translations,0,1,1
transmission,1,0,1
transparency,4,5,9
transparent,8,0,8
transphobe,1,0,1
transphobia,1,0,1
transphobic,0,1,1
transpired,1,0,1
transportation,0,1,1
transported,0,1,1
transvestite,0,1,1
trap,2,2,4
trapped,3,1,4
trappings,1,0,1
trash,11,24,35
trashed,2,1,3
trashing,0,2,2
trashno,1,0,1
trashpeople,0,1,1
trashy,1,5,6
trauma,3,0,3
traumatised,0,1,1
traumatized,2,0,2
travel,4,0,4
traveling,2,0,2
travesty,2,1,3
travis,1,1,2
travon,0,1,1
treacherous,1,2,3
treachery,1,0,1
tread,3,0,3
treason,5,13,18
treasonous,2,1,3
treasons,0,1,1
treasure,2,1,3
treasury,1,0,1
treat,4,2,6
treated,14,3,17
treatin,1,0,1
treating,3,2,5
treatment,8,2,10
treatments,1,0,1
treats,2,1,3
tree,5,3,8
trees,2,0,2
trek,1,0,1
tremendous,1,2,3
trend,0,2,2
trending,3,0,3
trends,1,0,1
trent,1,0,1
treph,7,0,7
tri,1,0,1
trial,6,0,6
trials,3,0,3
triangle,0,1,1
tribe,1,0,1
tribes,2,0,2
tribunal,1,1,2
tribune,1,0,1
tribute,2,0,2
trick,2,2,4
tricks,5,5,10
tricky,1,0,1
tried,26,20,46
tries,11,7,18
trigger,5,3,8
triggered,0,4,4
triggering,2,0,2
triggers,2,0,2
trillion,2,3,5
trip,3,0,3
triple,0,2,2
trippin,0,1,1
tripping,1,1,2
tristan,1,0,1
triumph,1,1,2
trivial,1,1,2
trivialities,0,1,1
trivialized,0,1,1
trol,1,0,1
troll,6,10,16
trolling,3,2,5
trolls,2,1,3
trolly,1,0,1
troof,1,0,1
troop,2,0,2
troops,2,0,2
trope,0,1,1
tropes,1,0,1
tropics,1,0,1
trot,1,0,1
trouble,12,5,17
troubled,3,1,4
troubleshooting,1,0,1
troubling,2,0,2
trough,2,0,2
tru,0,1,1
trubisky,0,1,1
truck,4,1,5
trucks,0,2,2
trudeau,22,17,39
true,85,42,127
truest,1,0,1
truly,39,10,49
truman,1,0,1
trump,359,247,606
trumper,1,1,2
trumpers,2,1,3
trumpie,0,1,1
trumpies,1,0,1
trumpism,0,2,2
trumpists,1,0,1
trumpkins,0,1,1
trumps,14,15,29
trumpstard,1,0,1
trumpster,0,1,1
trumpsters,1,2,3
trumptards,0,1,1
trumptrain,1,0,1
trust,28,13,41
trusted,8,8,16
trustee,1,0,1
trustees,1,0,1
trusts,0,1,1
trustworthy,2,0,2
trusty,1,0,1
truth,77,46,123
truthfeed,2,1,3
truthful,2,2,4
truthfulness,1,0,1
truths,1,0,1
try,62,65,127
tryants,1,1,2
tryed,0,1,1
trying,134,64,198
tryna,0,5,5
trynna,1,0,1
tryouts,1,0,1
trys,2,0,2
tshirts,0,1,1
tshwane,1,0,1
tsunami,3,0,3
tsx,1,0,1
tt,0,1,1
tua,2,0,2
tuc,1,0,1
tucker,6,1,7
tuesday,3,1,4
tuition,2,0,2
tulip,1,0,1
tulsa,1,0,1
tum,3,0,3
tumblr,0,1,1
tuna,1,0,1
tunderstandmetaphors,1,0,1
tune,3,1,4
tuned,2,1,3
tunes,1,0,1
tunisians,1,0,1
tunnel,0,1,1
turbines,1,0,1
turd,1,3,4
ture,1,0,1
turkey,1,2,3
turmps,0,1,1
turn,24,19,43
turnbull,2,0,2
turncoat,0,1,1
turned,18,8,26
turning,13,5,18
turnoff,0,1,1
turnout,4,0,4
turnover,1,0,1
turns,13,5,18
turtles,1,1,2
tv,19,13,32
tw,5,0,5
twain,1,0,1
twas,1,0,1
twat,0,2,2
twatter,2,0,2
twatts,0,1,1
tweaked,0,1,1
tweeeeeetrrrr,1,0,1
tweep,0,1,1
tweet,51,33,84
tweeted,3,2,5
tweeter,2,1,3
tweeting,4,6,10
tweets,34,10,44
twentieth,0,1,1
twenty,1,0,1
twice,10,3,13
twin,0,1,1
twins,3,1,4
twinsie,1,0,1
twist,2,1,3
twisted,3,2,5
twisting,3,0,3
twists,1,0,1
twit,1,0,1
twitter,96,27,123
twitterer,1,0,1
twitting,0,1,1
two,59,35,94
twt,2,0,2
twtich,0,1,1
tx,4,2,6
ty,5,0,5
tying,1,0,1
tyler,7,3,10
type,24,9,33
typed,1,1,2
types,8,4,12
typhoons,0,1,1
typical,12,10,22
typically,1,1,2
typing,1,0,1
typo,1,1,2
typoness,0,1,1
tyr,1,0,1
tyrannical,1,1,2
tyranny,2,3,5
tyrant,2,1,3
tyrants,1,0,1
tyrone,0,1,1
tziyon,2,0,2
uber,0,2,2
ubi,0,1,1
uc,2,0,2
ucking,1,0,1
ucp,1,0,1
udiot,0,1,1
uf,0,1,1
uganda,1,0,1
ugh,3,3,6
uglier,0,2,2
ugliest,1,0,1
ugliness,1,0,1
ugly,3,21,24
uh,2,1,3
uhave,0,1,1
uhh,1,0,1
uhhh,0,2,2
uhm,1,1,2
uighur,1,0,1
uk,35,7,42
ukgov,0,1,1
ukip,0,1,1
ukrainian,0,1,1
ukranian,1,0,1
ulster,1,0,1
ulterior,0,2,2
ultimate,4,1,5
ultimately,1,0,1
ultra,4,1,5
ultrafinitists,2,0,2
um,3,2,5
uma,1,0,1
umdala,0,1,1
umm,0,2,2
ummm,2,4,6
ump,1,3,4
umpire,2,4,6
umpires,1,0,1
umsuthu,1,0,1
umuntu,1,0,1
un,6,2,8
unable,3,2,5
unacceptable,1,0,1
unaccompanied,0,1,1
unaccustomed,1,0,1
unadulterated,1,0,1
unaffordable,2,0,2
unafraid,1,0,1
unamerican,2,0,2
unanimous,0,1,1
unarmed,3,3,6
unattended,1,0,1
unattractive,0,1,1
unavailable,1,0,1
unaware,0,1,1
unbeatable,1,1,2
unbecoming,1,2,3
unbelievable,6,3,9
unbias,1,0,1
unbiased,3,2,5
unblocked,1,0,1
unborn,3,2,5
unbridled,0,1,1
unc,1,0,1
uncanny,2,0,2
unchecked,0,1,1
uncivil,0,1,1
unclassifie,0,1,1
unclassifying,1,0,1
uncle,3,3,6
unclean,1,0,1
uncomefortbul,0,1,1
uncomfortable,4,0,4
uncommon,1,0,1
unconstitutional,5,4,9
uncontrollably,1,0,1
uncontrolled,1,0,1
uncontroversial,1,0,1
uncorroborated,1,0,1
uncovered,0,1,1
uncultured,1,1,2
undead,0,1,1
undecided,1,0,1
undefeated,0,1,1
undemocratic,1,0,1
undeniably,2,0,2
under,64,32,96
underage,0,1,1
undercover,2,0,2
undercut,1,0,1
underdog,1,0,1
undereducated,1,0,1
underestimate,0,1,1
underestimating,1,0,1
undergo,1,0,1
underground,0,1,1
underlying,2,0,2
undermine,3,3,6
undermined,0,1,1
undermining,2,2,4
underneath,1,1,2
underoath,1,0,1
underpins,1,0,1
underrated,3,0,3
undersized,1,0,1
understand,75,27,102
understanding,4,5,9
understands,0,1,1
understatement,1,0,1
understood,3,0,3
undertaker,1,0,1
underwater,1,0,1
underwear,1,1,2
undeserved,1,0,1
undeserving,0,1,1
undies,1,0,1
undisputable,1,0,1
undo,1,0,1
undocumented,0,1,1
undoing,1,0,1
undone,2,0,2
undoubtedly,2,0,2
uneducated,1,4,5
unelectable,1,0,1
unelected,2,0,2
unemployable,1,0,1
unemployed,2,2,4
unemployment,3,4,7
unepic,0,1,1
unethical,8,7,15
unexpected,1,0,1
unexplained,1,0,1
unfair,3,3,6
unfairly,1,1,2
unfamiliar,1,0,1
unfazed,1,0,1
unfettered,0,1,1
unfiltered,0,1,1
unfirtunately,0,1,1
unfit,0,5,5
unflattering,1,0,1
unfollowed,2,0,2
unforgiving,1,0,1
unfortuly,1,0,1
unfortunate,0,3,3
unfortunately,12,5,17
unfortunatemy,1,0,1
unfounded,1,0,1
unfuckable,1,0,1
unfunny,2,0,2
unga,1,0,1
unglued,1,0,1
ungrateful,0,2,2
unhappy,0,1,1
unhealthy,0,1,1
unhinged,7,16,23
uni,3,0,3
unicorn,1,0,1
unicorns,0,1,1
unified,1,0,1
uniform,1,1,2
uniforms,1,0,1
unify,1,0,1
unifying,0,1,1
unimpeachable,1,0,1
unindicted,1,0,1
uninformed,2,1,3
unintelligent,0,1,1
unintelligible,0,1,1
unintentionally,0,1,1
union,8,2,10
unionists,1,0,1
unions,4,2,6
unique,7,3,10
unironically,1,0,1
unison,2,0,2
unit,4,0,4
unite,4,1,5
united,18,5,23
units,0,1,1
unity,2,2,4
universal,5,4,9
universally,0,1,1
universe,6,0,6
universities,3,0,3
university,9,5,14
unjust,1,1,2
unjustified,0,1,1
unjustly,1,0,1
unkess,0,1,1
unkind,0,1,1
unknown,1,0,1
unko,1,0,1
unleashed,2,3,5
unleavened,1,0,1
unless,30,14,44
unlikable,0,1,1
unlike,6,4,10
unlikely,2,2,4
unlimited,2,0,2
unload,1,0,1
unmask,0,2,2
unmasked,0,1,1
unmasking,1,0,1
unnecessary,2,2,4
unoffensive,1,0,1
unons,1,0,1
unpack,1,0,1
unplanned,3,0,3
unplayable,1,0,1
unpopular,3,2,5
unprecedented,4,0,4
unpredictable,2,1,3
unprepared,1,0,1
unprofessional,1,1,2
unprompted,1,0,1
unprotected,0,1,1
unproven,0,1,1
unqualified,3,1,4
unreal,2,2,4
unrealistic,1,0,1
unreasonable,1,0,1
unrecuse,1,0,1
unrelated,1,1,2
unrest,0,1,1
unrestrained,1,0,1
unrighteousness,1,0,1
unroll,1,1,2
uns,1,0,1
unsanitary,0,1,1
unscathed,1,1,2
unseemly,0,1,1
unserious,0,1,1
unstable,1,5,6
unstanning,1,0,1
unstoppable,2,0,2
unsubstantiated,1,0,1
unsuccessful,1,0,1
unsuitable,2,0,2
unsurprising,0,1,1
untalented,0,1,1
unthinkable,1,0,1
until,62,34,96
untill,1,0,1
unto,0,1,1
untouchable,0,2,2
untreatable,1,0,1
untrue,3,0,3
untrustworthy,1,1,2
unusual,1,0,1
unveiled,1,0,1
unwanted,0,2,2
unwarranted,1,0,1
unwary,0,1,1
unwatchable,0,1,1
unwelcome,0,1,1
unwell,1,1,2
unwilling,1,0,1
unwinding,1,0,1
unwittingly,2,0,2
uor,1,0,1
up,410,288,698
upbringing,0,2,2
upcoming,2,0,2
update,6,1,7
updated,3,0,3
updates,4,0,4
upgrading,0,1,1
upheld,1,0,1
uphill,0,1,1
uphold,3,1,4
upholding,2,1,3
upholds,1,0,1
upon,5,6,11
uppdoals,1,0,1
upped,1,0,1
upper,3,1,4
uppercuts,1,0,1
upping,1,0,1
uppity,2,2,4
upppp,0,1,1
uproar,1,0,1
ups,1,2,3
upset,11,8,19
upsets,1,0,1
upsetting,0,3,3
upside,3,0,3
upsideup,1,0,1
upstairs,1,0,1
upstanding,3,0,3
upwards,1,0,1
ur,31,31,62
uranium,1,0,1
urban,3,0,3
urbannaxals,0,1,1
urge,2,0,2
urged,1,0,1
urgency,1,0,1
urgent,1,0,1
urinating,0,1,1
urself,1,1,2
us,265,136,401
usa,36,19,55
usain,0,1,1
usb,1,0,1
usc,0,1,1
uscode,1,0,1
usconstndem,0,1,1
usculture,0,1,1
use,86,46,132
used,70,33,103
useful,1,4,5
useless,7,17,24
user,3,1,4
username,1,0,1
users,0,2,2
uses,9,11,20
using,52,40,92
uski,1,0,1
usko,1,0,1
usl,1,0,1
usta,0,1,1
usual,10,8,18
usually,12,3,15
utah,6,0,6
utara,0,1,1
uterus,1,0,1
utilising,1,0,1
utmost,1,1,2
utopia,2,0,2
utopian,0,1,1
utter,3,7,10
utterly,2,1,3
utters,1,0,1
uwu,3,0,3
uwuing,0,1,1
va,1,0,1
vaal,1,0,1
vacation,7,0,7
vacay,1,0,1
vaccine,1,0,1
vacillate,0,1,1
vack,0,1,1
vacuous,1,0,1
vag,0,1,1
vagina,0,2,2
vague,4,2,6
vail,0,1,1
vain,0,1,1
vainly,1,0,1
valance,0,1,1
valar,1,0,1
valerie,0,1,1
valid,6,2,8
validate,1,0,1
validated,1,0,1
validation,1,0,1
validity,1,0,1
vallahs,1,0,1
valley,1,0,1
valor,2,0,2
valuable,2,2,4
value,6,5,11
values,16,9,25
vampire,1,0,1
van,2,0,2
vandalism,1,0,1
vanderbilt,1,0,1
vanguards,0,1,1
vanir,1,0,1
vanish,1,0,1
vantage,1,0,1
vaping,1,1,2
vaporizes,0,1,1
varadkar,0,1,1
varda,1,0,1
variance,1,0,1
variety,0,1,1
various,2,1,3
varsity,1,0,1
vary,1,0,1
varying,2,0,2
vast,7,1,8
vastly,1,0,1
vatican,3,1,4
vault,2,0,2
vcr,0,1,1
ve,116,57,173
veer,0,1,1
vegan,1,1,2
vegans,1,0,1
vegas,5,1,6
vegetable,1,0,1
vegetables,1,0,1
vehicle,2,1,3
vehicles,1,0,1
vehicular,1,0,1
vei,1,0,1
veil,0,1,1
veiled,2,0,2
vendetta,1,0,1
venetian,0,1,1
venezuela,3,4,7
vengeance,0,1,1
venom,1,2,3
venomous,0,1,1
venus,1,0,1
veracity,0,1,1
verb,0,1,1
verba,0,1,1
verbal,1,1,2
verbally,2,0,2
verdicts,1,0,1
verge,4,0,4
verified,1,1,2
verify,5,1,6
veritas,2,0,2
vermin,1,0,1
vermont,0,1,1
veronique,1,0,1
versa,3,1,4
versatile,1,0,1
verse,1,0,1
version,4,3,7
versions,0,1,1
versus,2,0,2
very,149,76,225
vesha,1,0,1
vessel,1,0,1
vested,2,0,2
vet,8,2,10
vetaken,0,1,1
veteran,3,1,4
veterans,7,2,9
veterens,0,1,1
vets,2,2,4
vetsresistsquadron,1,0,1
vetted,1,0,1
vetting,1,1,2
vg,0,1,1
via,55,12,67
viability,1,0,1
viable,3,0,3
viacom,0,1,1
viagra,0,1,1
vial,0,1,1
vib,1,0,1
vibe,2,1,3
vibes,1,2,3
vic,1,0,1
vicariously,0,1,1
vice,5,1,6
vicious,4,5,9
viciously,3,0,3
vicki,1,0,1
victim,37,23,60
victimhood,1,0,1
victimize,1,1,2
victimized,1,0,1
victimizing,1,0,1
victims,15,17,32
victor,1,0,1
victoria,1,1,2
victorian,1,0,1
victories,1,0,1
victorious,0,1,1
victors,0,1,1
victory,4,2,6
vid,1,0,1
video,38,10,48
videographer,0,1,1
videoing,1,0,1
videos,8,6,14
vids,1,1,2
vietnam,5,0,5
view,20,13,33
viewed,3,1,4
viewer,1,0,1
viewers,5,1,6
viewership,1,1,2
viewing,1,0,1
viewpoints,2,1,3
views,14,10,24
vigano,1,1,2
vigilant,1,1,2
vigilante,0,1,1
vigorously,1,2,3
vigour,1,0,1
viktor,1,0,1
vile,10,9,19
vilify,0,2,2
village,2,1,3
villain,1,0,1
villainous,1,0,1
villains,1,0,1
ville,2,0,2
villianized,1,0,1
villifying,0,1,1
vilvilifying,1,0,1
vim,0,1,1
vince,1,2,3
vindicated,1,0,1
viney,1,0,1
vinnie,1,0,1
violate,2,2,4
violated,2,2,4
violates,1,0,1
violating,2,2,4
violation,3,3,6
violations,2,0,2
violence,81,57,138
violent,37,34,71
violently,1,0,1
viral,0,3,3
virgil,1,0,1
virgin,1,0,1
virginia,0,1,1
virginity,0,1,1
virtually,3,1,4
virtue,5,3,8
virtues,1,0,1
virulently,1,0,1
virus,1,0,1
vis,1,0,1
visa,0,1,1
vise,0,1,1
visibly,1,1,2
vision,4,0,4
visionary,1,0,1
visit,7,1,8
visited,2,0,2
visiting,2,0,2
visitor,1,0,1
visits,2,0,2
visual,1,0,1
visually,1,0,1
visuals,1,0,1
vital,0,1,1
vitriol,1,1,2
vitriolic,1,0,1
vitue,0,1,1
vlaams,0,1,1
vlad,1,0,1
voc,1,0,1
vocal,3,0,3
vocalist,1,0,1
vociferously,1,0,1
vodka,1,0,1
vogue,1,1,2
voice,15,8,23
voices,5,4,9
void,0,3,3
voight,0,1,1
volatile,1,0,1
volcano,0,1,1
volient,1,0,1
vols,1,0,1
volts,0,1,1
volume,2,0,2
volumes,4,1,5
voluntarily,0,1,1
volunteer,2,1,3
volunteers,3,0,3
vomit,1,1,2
vomiting,1,0,1
vontae,1,0,1
vortex,0,1,1
vote,191,81,272
voted,35,19,54
voter,7,4,11
voters,25,21,46
votes,17,11,28
voting,37,5,42
vouch,1,0,1
vouched,2,0,2
vouching,1,0,1
vow,1,0,1
vowing,0,1,1
vox,1,0,1
vp,1,0,1
vrc,0,1,1
vs,25,9,34
vulgar,1,3,4
vulnerable,2,3,5
vultures,0,1,1
vying,1,0,1
wa,1,0,1
waa,1,0,1
waaaay,1,0,1
wab,0,1,1
wack,0,3,3
wacked,1,1,2
wacko,0,1,1
wacky,0,1,1
wad,1,0,1
wade,4,5,9
waffen,1,0,1
waffle,2,0,2
wage,5,3,8
wages,2,1,3
wagging,1,0,1
waging,3,1,4
wagon,3,1,4
wagons,1,1,2
wahh,0,1,1
waifu,1,0,1
waisted,1,0,1
waists,0,1,1
wait,40,20,60
waited,5,0,5
waiter,1,0,1
waiting,23,7,30
waitress,2,0,2
waits,0,2,2
waitstaff,1,0,1
waivers,2,0,2
wake,11,8,19
wakes,1,1,2
waking,1,0,1
wal,0,1,1
walden,1,0,1
wale,0,1,1
waled,1,0,1
walk,16,13,29
walkaway,1,0,1
walked,5,1,6
walker,1,0,1
walking,4,8,12
walks,6,3,9
wall,19,19,38
wallace,1,0,1
wallet,2,1,3
wallow,1,0,1
walls,2,0,2
walmart,2,1,3
walter,0,5,5
walters,1,0,1
waltzing,0,1,1
wam,1,0,1
wana,0,1,1
wand,1,0,1
wanda,1,0,1
wandering,1,0,1
wang,0,1,1
wanka,1,0,1
wanker,0,1,1
wankers,0,1,1
wanktavists,0,1,1
wanna,13,18,31
wannabe,1,1,2
wannabes,2,1,3
want,249,137,386
wanted,43,18,61
wanting,12,7,19
wants,62,34,96
wapo,0,1,1
war,47,18,65
warcraft,1,0,1
ward,2,2,4
warehouse,1,0,1
warfare,2,0,2
warm,1,1,2
warming,2,2,4
warmly,1,0,1
warn,4,0,4
warned,4,1,5
warner,2,0,2
warning,6,6,12
warnings,1,0,1
waroncops,1,0,1
waronmen,1,0,1
waronsociety,1,0,1
warp,1,0,1
warped,3,2,5
warping,1,0,1
warrant,1,1,2
warrantless,1,0,1
warren,1,0,1
warrior,5,1,6
warriors,0,1,1
wars,3,3,6
wart,0,1,1
was,657,366,1023
wasca,0,1,1
waseem,1,0,1
wash,1,2,3
washed,2,2,4
washer,0,1,1
washes,1,0,1
washington,16,5,21
wasn,18,9,27
wasnt,4,2,6
wasr,2,0,2
wassamatta,0,1,1
waste,14,13,27
wasted,4,0,4
wasteful,1,0,1
wastes,0,1,1
wasting,10,1,11
wat,3,1,4
watch,66,30,96
watched,10,10,20
watcher,0,1,1
watchers,2,0,2
watches,3,2,5
watchin,0,1,1
watching,40,19,59
water,15,8,23
watered,1,1,2
waters,11,9,20
waterways,1,0,1
watford,2,0,2
watters,1,0,1
wave,12,4,16
waved,1,0,1
waves,2,1,3
waving,0,1,1
wavy,0,1,1
wax,1,1,2
way,205,109,314
wayne,0,1,1
ways,21,4,25
wayward,1,0,1
wayy,0,1,1
wayyy,1,0,1
wayyyyy,1,0,1
wb,1,0,1
wbu,0,1,1
wc,2,0,2
wdym,1,0,1
we,776,357,1133
weak,8,13,21
weaken,0,2,2
weakened,1,0,1
weaker,1,0,1
weakest,1,1,2
weaklings,0,1,1
weakness,2,1,3
wealth,10,4,14
wealthy,2,3,5
weapon,11,7,18
weaponise,0,1,1
weaponised,1,0,1
weaponize,0,1,1
weaponized,1,3,4
weaponizing,0,1,1
weapons,18,15,33
wear,15,10,25
wearing,13,10,23
wears,3,0,3
weasels,1,0,1
weather,7,2,9
weave,0,1,1
weaver,2,0,2
web,2,2,4
webcam,1,0,1
website,3,3,6
websites,1,0,1
webster,1,0,1
wecall,1,0,1
wecht,1,0,1
wedding,3,0,3
wednesday,4,1,5
wednesdays,0,1,1
wee,1,1,2
weeabo,1,0,1
weeb,1,0,1
weed,5,3,8
weeeeehhhhh,1,0,1
weeeehhhhh,1,0,1
week,39,10,49
weekday,1,0,1
weekend,8,0,8
weekends,1,1,2
weekly,1,0,1
weeks,14,1,15
weenie,1,0,1
weez,0,1,1
weigh,0,1,1
weighing,3,0,3
weighs,1,0,1
weight,2,3,5
weiner,2,0,2
weinstein,1,1,2
weird,18,10,28
weirdest,1,0,1
weirdly,0,1,1
weirdo,1,3,4
weirdos,0,3,3
welcome,37,4,41
welcomed,4,0,4
welcomeeee,1,0,1
welcomes,1,0,1
welcoming,1,1,2
welcum,1,0,1
welfare,8,3,11
well,196,86,282
welles,0,1,1
wellesley,1,0,1
wellin,0,1,1
welliver,1,0,1
welp,1,0,1
wembley,1,0,1
wen,1,0,1
wench,0,1,1
wendys,1,0,1
went,40,16,56
wep,1,0,1
were,216,102,318
weren,0,2,2
werent,2,1,3
wese,1,0,1
wesson,1,0,1
west,6,1,7
westbrook,1,0,1
western,6,4,10
westminster,0,2,2
wet,2,6,8
wewe,0,1,1
wga,4,1,5
wh,5,1,6
whack,1,3,4
whackadoodle,1,0,1
whackos,0,1,1
whacky,1,0,1
whaooaaaaa,0,1,1
what,746,440,1186
whataboutery,0,1,1
whataboutism,0,1,1
whatbour,1,0,1
whatever,26,13,39
whats,6,3,9
whatsapp,0,1,1
whatsoever,3,2,5
wheat,0,2,2
wheb,0,1,1
wheeew,0,1,1
wheel,3,0,3
wheelchair,1,0,1
wheelchairs,1,0,1
wheeling,1,0,1
wheels,2,0,2
when,398,211,609
whenever,9,2,11
whens,1,0,1
whent,1,0,1
wher,0,1,1
where,174,76,250
whereabouts,1,0,1
whereas,1,2,3
wherein,1,0,1
wherever,5,1,6
wherw,1,0,1
whether,14,3,17
whi,1,0,1
which,110,68,178
whiff,0,1,1
while,65,56,121
whilst,1,2,3
whim,1,0,1
whine,1,4,5
whined,1,1,2
whiners,1,1,2
whiney,0,1,1
whining,2,5,7
whinning,1,0,1
whiny,1,2,3
whip,1,1,2
whiped,1,0,1
whips,1,1,2
whispered,1,0,1
whisperer,1,0,1
whispering,0,1,1
whistle,4,4,8
whistleblower,1,0,1
whistles,1,2,3
whistling,1,0,1
whit,2,1,3
white,80,92,172
whitehall,1,0,1
whitehouse,1,0,1
whiteness,1,0,1
whites,2,4,6
whitewash,1,0,1
whitewater,0,1,1
whitey,1,1,2
whities,1,1,2
whitney,1,0,1
who,573,386,959
whoa,3,0,3
whoaaa,0,1,1
whoever,7,8,15
whole,49,36,85
wholeheartedly,1,1,2
wholly,1,1,2
whom,9,5,14
whomever,1,1,2
whooo,2,0,2
whooped,0,1,1
whoopin,0,1,1
whoops,1,0,1
whopper,1,0,1
whore,2,8,10
whores,0,1,1
whoring,0,1,1
whos,0,2,2
whose,6,3,9
whoviille,0,1,1
whr,1,0,1
whud,0,1,1
why,392,233,625
wi,3,3,6
wiccan,1,0,1
wick,1,0,1
wicked,2,1,3
wickstrom,1,0,1
widdit,0,1,1
widdle,0,2,2
wide,7,3,10
widely,2,0,2
wider,1,0,1
widespread,0,2,2
widget,0,1,1
widow,0,1,1
wield,0,1,1
wife,23,18,41
wifes,0,1,1
wifi,1,0,1
wig,1,0,1
wigs,1,1,2
wiiu,1,0,1
wil,1,0,1
wild,9,6,15
wilful,1,0,1
will,641,373,1014
willeford,0,1,1
willfully,2,1,3
william,2,0,2
williams,9,8,17
williamson,1,0,1
willie,4,3,7
willing,15,7,22
willy,0,1,1
wilson,2,0,2
win,64,20,84
winchester,2,2,4
wind,6,2,8
winded,1,0,1
windfall,1,0,1
window,4,3,7
windows,2,1,3
windrush,0,1,1
wine,4,0,4
winfrey,1,0,1
wing,27,19,46
winger,0,1,1
wingers,2,3,5
wings,1,1,2
wink,1,0,1
winner,7,2,9
winners,1,2,3
winnig,1,0,1
winning,28,4,32
wins,12,6,18
winston,3,0,3
winter,3,1,4
winthorpe,1,0,1
wipe,0,2,2
wiped,2,1,3
wipers,0,1,1
wiping,0,1,1
wire,2,0,2
wired,1,1,2
wiretap,1,0,1
wisconsin,3,3,6
wisdom,2,1,3
wise,10,2,12
wisely,1,0,1
wish,24,13,37
wished,1,0,1
wishes,4,0,4
wishing,3,0,3
wising,1,0,1
wisperd,1,0,1
wit,1,5,6
witch,4,12,16
with,939,545,1484
withdraw,6,1,7
wither,0,1,1
withheld,1,0,1
within,18,4,22
withing,1,0,1
without,70,23,93
withstand,1,0,1
withstanding,1,0,1
witless,0,1,1
witness,6,3,9
witnessed,3,0,3
witnesses,2,2,4
witnessing,1,0,1
witter,1,0,1
wittle,1,0,1
witty,1,0,1
wiv,0,1,1
wives,1,1,2
wjc,1,0,1
wkend,1,0,1
wld,1,0,1
wmas,1,0,1
wobble,1,0,1
wobbly,1,1,2
woke,4,5,9
wokeisis,1,0,1
woker,0,1,1
wolf,2,2,4
wolfe,1,0,1
wolverines,0,1,1
woman,98,81,179
womanhood,0,1,1
womans,0,1,1
womb,1,4,5
women,102,95,197
womens,1,1,2
won,38,28,66
wonder,43,28,71
wondered,1,0,1
wonderful,22,5,27
wondering,13,1,14
wonders,1,0,1
wonna,1,0,1
wont,9,1,10
wonting,1,0,1
woo,2,1,3
wood,2,1,3
woodley,0,2,2
woods,3,2,5
woodstock,0,1,1
woodward,7,2,9
woodword,0,1,1
woodwork,1,0,1
woodworks,1,0,1
woolly,0,1,1
woooow,1,1,2
woosy,0,1,1
worcester,1,0,1
word,47,25,72
worded,0,2,2
wording,1,0,1
words,46,19,65
wore,1,1,2
work,134,51,185
workable,1,0,1
worked,18,9,27
worker,4,0,4
workers,10,5,15
working,65,28,93
works,37,18,55
world,97,44,141
worlders,1,0,1
worlds,4,2,6
worldwide,2,1,3
worm,0,1,1
worms,2,2,4
wormy,1,0,1
worn,1,0,1
worried,16,8,24
worries,6,4,10
worry,17,4,21
worrying,1,1,2
worse,25,20,45
worser,0,1,1
worship,2,3,5
worshiping,0,1,1
worshippers,1,0,1
worships,1,1,2
worst,22,39,61
worth,27,14,41
worthless,0,4,4
worthwhile,1,0,1
worthy,9,1,10
wortless,0,1,1
worwee,1,0,1
woul,1,0,1
would,384,185,569
woulda,0,1,1
wouldn,16,11,27
wouldnt,0,1,1
wounded,1,0,1
wounds,1,0,1
wow,49,22,71
wowowow,1,0,1
wowowowowow,1,0,1
wp,1,0,1
wr,1,1,2
wranglers,0,1,1
wrap,2,0,2
wrapped,1,0,1
wraps,0,1,1
wrath,2,1,3
wrds,1,0,1
wreath,1,0,1
wreckage,1,0,1
wrecked,0,1,1
wrecking,0,2,2
wrestle,0,1,1
wrestling,3,0,3
wretched,1,0,1
wright,1,0,1
wrind,1,0,1
wrinkle,2,0,2
wrist,1,0,1
write,9,10,19
writer,1,4,5
writers,1,0,1
writes,4,1,5
writing,7,1,8
written,10,2,12
wrm,2,0,2
wrong,105,55,160
wrongfully,0,1,1
wrongs,3,1,4
wrote,11,4,15
wrought,1,0,1
ws,1,0,1
wsj,1,0,1
wta,1,0,1
wtaf,0,1,1
wtc,1,1,2
wtf,9,14,23
wth,4,2,6
wthin,1,0,1
wto,1,0,1
wuit,1,0,1
wunderkind,1,0,1
wuppertal,1,0,1
wv,1,0,1
ww,2,2,4
wwe,1,0,1
wwg,4,1,5
wwgiwga,1,1,2
wwgonewgall,1,0,1
wwii,1,2,3
wwyd,1,0,1
wyatt,1,0,1
wylin,1,0,1
wynette,1,0,1
wynn,0,1,1
wyvern,0,1,1
xd,4,5,9
xenoblade,0,2,2
xenophobic,1,0,1
xhe,1,0,1
xi,1,2,3
xilhatarra,1,0,1
xing,1,0,1
xm,0,1,1
xo,1,0,1
xox,0,1,1
xoxo,1,0,1
xtc,0,1,1
xvi,2,0,2
xx,2,0,2
xxx,2,1,3
ya,26,20,46
yaaas,1,0,1
yaaass,1,0,1
yaay,1,0,1
yacht,1,0,1
yaftv,1,0,1
yah,0,1,1
yahweh,1,1,2
yal,0,1,1
yale,0,2,2
yall,6,1,7
yalls,1,0,1
yan,1,0,1
yankee,0,1,1
yankees,1,0,1
yard,3,0,3
yards,4,0,4
yarn,1,0,1
yasir,1,0,1
yassss,1,0,1
yassssss,1,0,1
yawn,1,2,3
yay,9,0,9
yaya,1,0,1
yayay,1,0,1
yayyyyy,1,0,1
yds,0,1,1
ye,0,3,3
yea,13,6,19
yeaaaahh,1,0,1
yeah,48,53,101
yeahh,0,1,1
yeahhhhh,0,1,1
yeap,0,1,1
year,96,38,134
years,144,72,216
yecs,1,0,1
yee,3,1,4
yeeeeess,1,0,1
yeh,1,0,1
yell,5,2,7
yelled,1,0,1
yellen,1,0,1
yelling,2,3,5
yellow,1,2,3
yells,1,0,1
yelp,1,0,1
yelped,1,0,1
yen,0,6,6
yentas,0,1,1
yep,16,7,23
yer,0,2,2
yes,139,58,197
yess,1,0,1
yessir,2,0,2
yessss,1,0,1
yessssshhhhh,0,1,1
yesterday,11,6,17
yet,83,43,126
yetis,1,0,1
yfc,1,0,1
yh,1,1,2
yhuuu,0,1,1
yi,0,1,1
yiannopoulos,1,0,1
yo,10,9,19
yoda,2,0,2
yoga,3,0,3
yogi,1,0,1
yokels,0,1,1
yoll,1,0,1
yom,1,0,1
yonks,0,1,1
yoo,0,1,1
yoongi,2,0,2
yooooo,1,0,1
york,12,0,12
yorker,0,1,1
yorkers,1,0,1
yoruba,0,2,2
yoshi,0,1,1
you,3614,1872,5486
youfe,1,0,1
yougov,1,0,1
youkai,1,0,1
youll,1,1,2
young,34,16,50
younger,6,2,8
youngest,1,0,1
youngo,0,1,1
youngsters,0,1,1
your,695,479,1174
youre,2,4,6
yourk,1,0,1
yours,8,4,12
yourself,41,28,69
yourselves,3,4,7
youth,7,5,12
youthful,1,1,2
youtube,7,3,10
youtuber,4,0,4
youuuu,2,0,2
youuuuu,0,1,1
youuuuuu,1,0,1
yoyo,1,0,1
yp,1,0,1
ypu,0,1,1
yr,13,5,18
yrs,28,5,33
yrsof,0,1,1
ytd,0,1,1
yucker,0,1,1
yuge,0,2,2
yumi,0,1,1
yummy,1,0,1
yup,4,3,7
yuppie,1,0,1
yutz,0,1,1
yuzuki,0,1,1
yuzusft,1,0,1
yvette,1,0,1
yw,1,0,1
yyyy,0,1,1
zac,0,1,1
zack,0,1,1
zagami,0,1,1
zarries,0,1,1
zayn,1,0,1
zazzle,0,1,1
zealand,2,0,2
zealotry,1,0,1
zealots,0,2,2
zealous,1,0,1
zeckenbiss,1,0,1
zeland,1,0,1
zemke,1,0,1
zena,0,1,1
zerin,1,0,1
zero,15,21,36
zeroed,1,0,1
zhe,1,0,1
ziggler,1,0,1
zim,2,0,2
zimmerman,0,3,3
zina,1,0,1
zion,1,0,1
zionists,2,0,2
zip,0,1,1
zipcode,1,0,1
zodiac,0,1,1
zoe,2,0,2
zombie,2,4,6
zombies,1,0,1
zombified,1,0,1
zone,9,3,12
zones,5,0,5
zoom,1,0,1
zoomed,0,1,1
zuckerberg,2,0,2
